version:2
grid:
0,-29,9,0,2
2340,-29,9,1,1
1,-29,8,0,2
2339,-29,8,1,1
2,-29,7,0,2
2338,-29,7,1,1
3,-29,6,0,2
2337,-29,6,1,1
4,-29,5,0,2
2341,-29,5,1,1
5,-29,4,0,2
2342,-29,4,1,1
6,-29,3,0,2
2343,-29,3,1,1
1210,-29,2,2,2,False
1281,-29,2,1,2
1211,-29,1,2,2,False
1282,-29,1,1,2
9,-29,0,0,2
1283,-29,0,1,2
10,-29,-1,0,2
1284,-29,-1,1,2
11,-29,-2,0,2
1285,-29,-2,1,2
12,-29,-3,0,2
2372,-29,-3,1,1
13,-29,-4,0,2
2373,-29,-4,1,1
14,-29,-5,0,2
2374,-29,-5,1,1
15,-29,-6,0,2
2375,-29,-6,1,1
16,-29,-7,0,2
2376,-29,-7,1,1
17,-29,10,0,2
2236,-29,10,1,1
18,-28,10,0,2
2235,-28,10,1,1
19,-27,10,0,2
2234,-27,10,1,1
20,-26,10,0,2
2233,-26,10,1,1
21,-25,10,0,2
2232,-25,10,1,1
22,-24,10,0,2
2231,-24,10,1,1
23,-23,10,0,2
2230,-23,10,1,1
1507,-22,9,1,0
26,-22,10,0,2
2229,-22,10,1,1
27,-21,10,0,2
2228,-21,10,1,1
28,-20,10,0,2
2227,-20,10,1,1
29,-19,10,0,2
2226,-19,10,1,1
30,-18,10,0,2
2225,-18,10,1,1
31,-17,10,0,2
2224,-17,10,1,1
32,-16,10,0,2
2285,-16,10,1,1
33,-15,10,0,2
2284,-15,10,1,1
34,-14,10,0,2
2283,-14,10,1,1
35,-13,10,0,2
2282,-13,10,1,1
36,-12,10,0,2
2281,-12,10,1,1
37,-11,10,0,2
2280,-11,10,1,1
2034,-10,10,1,2
2219,-10,10,2,3,False
2035,-9,10,1,2
2220,-9,10,2,3,False
40,-8,10,0,2
2279,-8,10,1,1
41,-7,10,0,2
2278,-7,10,1,1
42,-6,10,0,2
2277,-6,10,1,1
43,-5,10,0,2
2276,-5,10,1,1
44,-4,10,0,2
2275,-4,10,1,1
45,-3,10,0,2
2274,-3,10,1,1
46,-2,10,0,2
2273,-2,10,1,1
47,-1,10,0,2
2286,-1,10,1,1
48,0,10,0,2
2287,0,10,1,1
49,1,10,0,2
2288,1,10,1,1
50,2,10,0,2
2289,2,10,1,1
51,3,10,0,2
2290,3,10,1,1
52,4,10,0,2
2291,4,10,1,1
53,5,10,0,2
2292,5,10,1,1
54,6,10,0,2
2293,6,10,1,1
55,7,10,0,2
2294,7,10,1,1
56,8,10,0,2
2295,8,10,1,1
57,9,10,0,2
2296,9,10,1,1
58,10,10,0,2
2297,10,10,1,1
59,11,10,0,2
2298,11,10,1,1
60,11,9,0,2
2299,11,9,1,1
61,11,8,0,2
2300,11,8,1,1
62,11,7,0,2
2301,11,7,1,1
1397,10,7,1,0
64,11,6,0,2
2302,11,6,1,1
65,11,5,0,2
2303,11,5,1,1
66,11,4,0,2
2304,11,4,1,1
67,11,3,0,2
2305,11,3,1,1
1212,11,2,2,2,False
1244,11,2,1,2
1213,11,1,2,2,False
1245,11,1,1,2
70,11,0,0,2
2397,11,0,1,1
71,11,-1,0,2
2398,11,-1,1,1
72,11,-2,0,2
2399,11,-2,1,1
73,11,-3,0,2
2400,11,-3,1,1
74,11,-4,0,2
2429,11,-4,1,1
75,11,-5,0,2
2430,11,-5,1,1
76,11,-6,0,2
2431,11,-6,1,1
77,11,-7,0,2
2432,11,-7,1,1
78,-29,-8,0,2
2377,-29,-8,1,1
79,-28,-8,0,2
2378,-28,-8,1,1
80,-27,-8,0,2
2379,-27,-8,1,1
81,-26,-8,0,2
2380,-26,-8,1,1
82,-25,-8,0,2
2381,-25,-8,1,1
83,-24,-8,0,2
2382,-24,-8,1,1
84,-23,-8,0,2
2383,-23,-8,1,1
85,-22,-8,0,2
2384,-22,-8,1,1
86,-21,-8,0,2
2385,-21,-8,1,1
87,-20,-8,0,2
2386,-20,-8,1,1
88,-19,-8,0,2
2387,-19,-8,1,1
89,-18,-8,0,2
2388,-18,-8,1,1
90,-17,-8,0,2
2389,-17,-8,1,1
91,-16,-8,0,2
2390,-16,-8,1,1
92,-15,-8,0,2
2391,-15,-8,1,1
93,-14,-8,0,2
2392,-14,-8,1,1
94,-13,-8,0,2
2393,-13,-8,1,1
95,-12,-8,0,2
2394,-12,-8,1,1
96,-11,-8,0,2
2395,-11,-8,1,1
97,-10,-8,0,2
2396,-10,-8,1,1
1682,-9,-8,1,1
1689,-9,-8,2,2,False
1683,-8,-8,1,1
1688,-8,-8,2,2,False
100,-7,-8,0,2
2484,-7,-8,1,1
101,-6,-8,0,2
2483,-6,-8,1,1
102,-5,-8,0,2
2477,-5,-8,1,1
103,-4,-8,0,2
2478,-4,-8,1,1
104,-3,-8,0,2
2482,-3,-8,1,1
105,-2,-8,0,2
2481,-2,-8,1,1
106,-1,-8,0,2
2445,-1,-8,1,1
107,0,-8,0,2
2444,0,-8,1,1
108,1,-8,0,2
2443,1,-8,1,1
109,2,-8,0,2
2442,2,-8,1,1
110,3,-8,0,2
2441,3,-8,1,1
111,4,-8,0,2
2440,4,-8,1,1
112,5,-8,0,2
2439,5,-8,1,1
113,6,-8,0,2
2438,6,-8,1,1
114,7,-8,0,2
2437,7,-8,1,1
115,8,-8,0,2
2436,8,-8,1,1
116,9,-8,0,2
2435,9,-8,1,1
117,10,-8,0,2
2434,10,-8,1,1
118,11,-8,0,2
2433,11,-8,1,1
119,-30,6,0,2
2344,-30,6,1,1
120,-31,6,0,2
2345,-31,6,1,1
121,-32,6,0,2
2346,-32,6,1,1
122,-33,6,0,2
2347,-33,6,1,1
123,-34,6,0,2
2348,-34,6,1,1
124,-35,6,0,2
2349,-35,6,1,1
125,-36,6,0,2
2350,-36,6,1,1
126,-37,6,0,2
2351,-37,6,1,1
127,-38,6,0,2
2352,-38,6,1,1
128,-39,6,0,2
2353,-39,6,1,1
129,-39,5,0,2
2354,-39,5,1,1
130,-39,4,0,2
2355,-39,4,1,1
131,-39,3,0,2
2356,-39,3,1,1
132,-39,2,0,2
2357,-39,2,1,1
133,-39,1,0,2
2358,-39,1,1,1
134,-39,0,0,2
2359,-39,0,1,1
135,-39,-1,0,2
2360,-39,-1,1,1
136,-39,-2,0,2
2361,-39,-2,1,1
137,-39,-3,0,2
2362,-39,-3,1,1
138,-38,-3,0,2
2363,-38,-3,1,1
139,-37,-3,0,2
2364,-37,-3,1,1
140,-36,-3,0,2
2365,-36,-3,1,1
141,-35,-3,0,2
2366,-35,-3,1,1
142,-34,-3,0,2
2367,-34,-3,1,1
143,-33,-3,0,2
2368,-33,-3,1,1
144,-32,-3,0,2
2369,-32,-3,1,1
145,-31,-3,0,2
2370,-31,-3,1,1
146,-30,-3,0,2
2371,-30,-3,1,1
147,12,5,0,2
2428,12,5,1,1
148,13,5,0,2
2427,13,5,1,1
149,14,5,0,2
2426,14,5,1,1
150,15,5,0,2
2425,15,5,1,1
151,16,5,0,2
2424,16,5,1,1
152,17,5,0,2
2423,17,5,1,1
153,18,5,0,2
2422,18,5,1,1
154,19,5,0,2
2421,19,5,1,1
155,20,5,0,2
2420,20,5,1,1
156,21,5,0,2
2418,21,5,1,1
157,21,4,0,2
2417,21,4,1,1
158,21,3,0,2
2416,21,3,1,1
159,21,2,0,2
2415,21,2,1,1
160,21,1,0,2
2414,21,1,1,1
161,21,0,0,2
2413,21,0,1,1
162,21,-1,0,2
2412,21,-1,1,1
163,21,-2,0,2
2411,21,-2,1,1
164,21,-3,0,2
2410,21,-3,1,1
165,20,-3,0,2
2409,20,-3,1,1
166,19,-3,0,2
2408,19,-3,1,1
167,18,-3,0,2
2407,18,-3,1,1
168,17,-3,0,2
2406,17,-3,1,1
169,16,-3,0,2
2405,16,-3,1,1
170,15,-3,0,2
2404,15,-3,1,1
171,14,-3,0,2
2403,14,-3,1,1
172,13,-3,0,2
2402,13,-3,1,1
173,12,-3,0,2
2401,12,-3,1,1
174,-10,-9,0,2
2494,-10,-9,1,1
175,-10,-10,0,2
2493,-10,-10,1,1
176,-10,-11,0,2
2491,-10,-11,1,1
177,-7,-9,0,2
2485,-7,-9,1,1
178,-7,-10,0,2
2486,-7,-10,1,1
179,-7,-11,0,2
2487,-7,-11,1,1
180,-10,-12,0,2
2495,-10,-12,1,1
181,-11,-12,0,2
2496,-11,-12,1,1
182,-12,-12,0,2
2497,-12,-12,1,1
183,-12,-11,0,2
2498,-12,-11,1,1
184,-12,-10,0,2
2499,-12,-10,1,1
185,-12,-9,0,2
2500,-12,-9,1,1
186,-13,-9,0,2
2503,-13,-9,1,1
187,-14,-9,0,2
2504,-14,-9,1,1
188,-15,-9,0,2
2505,-15,-9,1,1
189,-16,-9,0,2
2506,-16,-9,1,1
190,-16,-10,0,2
2507,-16,-10,1,1
191,-16,-11,0,2
2508,-16,-11,1,1
414,-15,-11,1,0
415,-15,-12,1,0
194,-16,-12,0,2
2512,-16,-12,1,1
195,-16,-13,0,2
2511,-16,-13,1,1
196,-16,-14,0,2
2510,-16,-14,1,1
197,-16,-15,0,2
2509,-16,-15,1,1
198,-10,-15,0,2
2519,-10,-15,1,1
199,-11,-15,0,2
2518,-11,-15,1,1
200,-12,-15,0,2
2517,-12,-15,1,1
201,-12,-16,0,2
2516,-12,-16,1,1
256,-11,-16,0,2
2523,-11,-16,1,1
203,-12,-17,0,2
2515,-12,-17,1,1
204,-12,-18,0,2
2603,-12,-18,1,1
400,-11,-11,0,0
2492,-11,-11,1,1
399,-11,-10,0,0
2502,-11,-10,1,1
398,-11,-9,0,0
2501,-11,-9,1,1
208,-7,-12,0,2
2488,-7,-12,1,1
209,-6,-12,0,2
2489,-6,-12,1,1
210,-5,-12,0,2
2471,-5,-12,1,1
211,-5,-11,0,2
2472,-5,-11,1,1
212,-5,-10,0,2
2475,-5,-10,1,1
213,-5,-9,0,2
2476,-5,-9,1,1
403,-6,-9,0,0
2490,-6,-9,1,1
402,-6,-10,0,0
2474,-6,-10,1,1
401,-6,-11,0,0
2473,-6,-11,1,1
217,-4,-9,0,2
2479,-4,-9,1,1
218,-3,-9,0,2
2480,-3,-9,1,1
219,-2,-9,0,2
220,-1,-9,0,2
2446,-1,-9,1,1
221,-1,-10,0,2
2447,-1,-10,1,1
222,-1,-11,0,2
2448,-1,-11,1,1
223,-1,-12,0,2
2449,-1,-12,1,1
224,-1,-13,0,2
2450,-1,-13,1,1
225,-1,-14,0,2
2451,-1,-14,1,1
226,-1,-15,0,2
2452,-1,-15,1,1
227,-1,-16,0,2
2453,-1,-16,1,1
228,-7,-15,0,2
2465,-7,-15,1,1
229,-6,-15,0,2
2466,-6,-15,1,1
230,-5,-15,0,2
2467,-5,-15,1,1
231,-5,-16,0,2
2468,-5,-16,1,1
232,-5,-17,0,2
2460,-5,-17,1,1
233,-5,-18,0,2
2459,-5,-18,1,1
234,-6,-18,0,2
2461,-6,-18,1,1
235,-7,-18,0,2
2462,-7,-18,1,1
236,-7,-17,0,2
2463,-7,-17,1,1
237,-7,-16,0,2
2464,-7,-16,1,1
238,-6,-16,0,2
2470,-6,-16,1,1
239,-6,-17,0,2
2469,-6,-17,1,1
240,-4,-18,0,2
2458,-4,-18,1,1
241,-3,-18,0,2
2457,-3,-18,1,1
242,-2,-18,0,2
2456,-2,-18,1,1
243,-1,-18,0,2
2455,-1,-18,1,1
244,-1,-17,0,2
2454,-1,-17,1,1
245,-13,-18,0,2
2602,-13,-18,1,1
246,-14,-18,0,2
2601,-14,-18,1,1
247,-15,-18,0,2
2600,-15,-18,1,1
248,-16,-18,0,2
2599,-16,-18,1,1
249,-16,-17,0,2
2514,-16,-17,1,1
250,-16,-16,0,2
2513,-16,-16,1,1
251,-10,-16,0,2
2520,-10,-16,1,1
252,-10,-17,0,2
2521,-10,-17,1,1
253,-10,-18,0,2
2605,-10,-18,1,1
254,-11,-18,0,2
2604,-11,-18,1,1
255,-11,-17,0,2
2522,-11,-17,1,1
257,-10,-19,0,2
2584,-10,-19,1,1
258,-10,-20,0,2
2585,-10,-20,1,1
259,-10,-21,0,2
2586,-10,-21,1,1
260,-10,-22,0,2
2587,-10,-22,1,1
261,-11,-22,0,2
2588,-11,-22,1,1
262,-12,-22,0,2
2589,-12,-22,1,1
263,-13,-22,0,2
2590,-13,-22,1,1
264,-14,-22,0,2
2591,-14,-22,1,1
336,-14,-21,0,0
2621,-14,-21,1,1
335,-15,-21,0,0
2622,-15,-21,1,1
267,-15,-22,0,2
2592,-15,-22,1,1
268,-16,-22,0,2
2593,-16,-22,1,1
269,-7,-19,0,2
2579,-7,-19,1,1
270,-7,-20,0,2
2575,-7,-20,1,1
271,-7,-21,0,2
2563,-7,-21,1,1
272,-7,-22,0,2
2564,-7,-22,1,1
273,-6,-22,0,2
2565,-6,-22,1,1
274,-5,-22,0,2
2566,-5,-22,1,1
275,-4,-22,0,2
2567,-4,-22,1,1
276,-3,-22,0,2
2568,-3,-22,1,1
277,-2,-22,0,2
2557,-2,-22,1,1
278,-1,-22,0,2
2556,-1,-22,1,1
279,-16,-26,0,2
2661,-16,-26,1,1
280,-15,-26,0,2
2662,-15,-26,1,1
281,-14,-26,0,2
2663,-14,-26,1,1
282,-13,-26,0,2
2664,-13,-26,1,1
283,-12,-26,0,2
2665,-12,-26,1,1
284,-11,-26,0,2
2666,-11,-26,1,1
285,-10,-26,0,2
2667,-10,-26,1,1
286,-9,-26,0,2
2668,-9,-26,1,1
287,-8,-26,0,2
2669,-8,-26,1,1
288,-7,-26,0,2
2670,-7,-26,1,1
289,-6,-26,0,2
2671,-6,-26,1,1
290,-5,-26,0,2
2672,-5,-26,1,1
291,-4,-26,0,2
2673,-4,-26,1,1
292,-3,-26,0,2
2674,-3,-26,1,1
293,-2,-26,0,2
2675,-2,-26,1,1
294,-1,-26,0,2
2676,-1,-26,1,1
295,-17,-22,0,2
2594,-17,-22,1,1
296,-17,-21,0,2
2595,-17,-21,1,1
297,-17,-20,0,2
2596,-17,-20,1,1
298,-17,-19,0,2
2597,-17,-19,1,1
299,-17,-18,0,2
2598,-17,-18,1,1
300,-18,-18,0,2
2624,-18,-18,1,1
301,-19,-18,0,2
2625,-19,-18,1,1
302,-20,-18,0,2
2626,-20,-18,1,1
303,-21,-18,0,2
2627,-21,-18,1,1
304,-22,-18,0,2
2628,-22,-18,1,1
305,-23,-18,0,2
2629,-23,-18,1,1
306,-24,-18,0,2
2630,-24,-18,1,1
307,-25,-18,0,2
2631,-25,-18,1,1
308,-25,-19,0,2
2632,-25,-19,1,1
309,-25,-20,0,2
2633,-25,-20,1,1
310,-25,-21,0,2
2634,-25,-21,1,1
311,-25,-22,0,2
2635,-25,-22,1,1
312,-17,-26,0,2
2660,-17,-26,1,1
313,-17,-27,0,2
2659,-17,-27,1,1
314,-17,-28,0,2
2658,-17,-28,1,1
315,-17,-29,0,2
2657,-17,-29,1,1
316,-17,-30,0,2
2656,-17,-30,1,1
317,-18,-30,0,2
2655,-18,-30,1,1
318,-19,-30,0,2
2654,-19,-30,1,1
1752,-20,-30,0,1
1960,-20,-30,1,0
1751,-21,-30,0,1
1961,-21,-30,1,0
1750,-22,-30,0,1
1962,-22,-30,1,0
322,-23,-30,0,2
2653,-23,-30,1,1
323,-24,-30,0,2
2652,-24,-30,1,1
572,-24,-29,1,1
328,-25,-29,0,2
2650,-25,-29,1,1
1844,-26,-29,1,2
327,-25,-30,0,2
2651,-25,-30,1,1
329,-25,-28,0,2
2649,-25,-28,1,1
330,-25,-27,0,2
2647,-25,-27,1,1
331,-25,-26,0,2
2648,-25,-26,1,1
332,-16,-19,0,0
2611,-16,-19,1,1
333,-16,-20,0,0
2617,-16,-20,1,1
334,-16,-21,0,0
2623,-16,-21,1,1
337,-13,-21,0,0
2620,-13,-21,1,1
338,-12,-21,0,0
2619,-12,-21,1,1
339,-11,-21,0,0
2618,-11,-21,1,1
340,-11,-20,0,0
2612,-11,-20,1,1
341,-11,-19,0,0
2606,-11,-19,1,1
342,-12,-19,0,0
2607,-12,-19,1,1
343,-13,-19,0,0
2608,-13,-19,1,1
344,-14,-19,0,0
2609,-14,-19,1,1
345,-15,-19,0,0
2610,-15,-19,1,1
346,-15,-20,0,0
2616,-15,-20,1,1
347,-14,-20,0,0
2615,-14,-20,1,1
348,-13,-20,0,0
2614,-13,-20,1,1
349,-12,-20,0,0
2613,-12,-20,1,1
350,-6,-19,0,0
2580,-6,-19,1,1
351,-5,-19,0,0
2581,-5,-19,1,1
352,-4,-19,0,0
2582,-4,-19,1,1
353,-3,-19,0,0
2583,-3,-19,1,1
354,-2,-19,0,0
2577,-2,-19,1,1
355,-1,-19,0,0
2576,-1,-19,1,1
356,-1,-20,0,0
2570,-1,-20,1,1
357,-1,-21,0,0
2569,-1,-21,1,1
358,-2,-21,0,0
2558,-2,-21,1,1
359,-3,-21,0,0
2559,-3,-21,1,1
360,-4,-21,0,0
2560,-4,-21,1,1
361,-5,-21,0,0
2561,-5,-21,1,1
362,-6,-21,0,0
2562,-6,-21,1,1
363,-6,-20,0,0
2574,-6,-20,1,1
364,-5,-20,0,0
2573,-5,-20,1,1
365,-4,-20,0,0
2572,-4,-20,1,1
366,-3,-20,0,0
2571,-3,-20,1,1
367,-2,-20,0,0
2578,-2,-20,1,1
368,0,-18,0,2
2524,0,-18,1,1
371,1,-18,0,2
2525,1,-18,1,1
372,2,-18,0,2
2526,2,-18,1,1
373,3,-18,0,2
2527,3,-18,1,1
374,4,-18,0,2
2528,4,-18,1,1
375,5,-18,0,2
2529,5,-18,1,1
376,6,-18,0,2
2530,6,-18,1,1
377,7,-18,0,2
2531,7,-18,1,1
378,-1,-27,0,2
2677,-1,-27,1,1
379,-1,-28,0,2
2678,-1,-28,1,1
380,-1,-29,0,2
2679,-1,-29,1,1
381,-1,-30,0,2
2680,-1,-30,1,1
382,0,-30,0,2
2681,0,-30,1,1
383,1,-30,0,2
2682,1,-30,1,1
1822,2,-30,0,1
1963,2,-30,1,0
1821,3,-30,0,1
1964,3,-30,1,0
1820,4,-30,0,1
1965,4,-30,1,0
387,5,-30,0,2
2683,5,-30,1,1
388,6,-30,0,2
2684,6,-30,1,1
389,7,-30,0,2
2685,7,-30,1,1
390,7,-29,0,2
2686,7,-29,1,1
391,7,-28,0,2
2553,7,-28,1,1
392,7,-27,0,2
2554,7,-27,1,1
393,7,-26,0,2
2555,7,-26,1,1
394,7,-22,0,2
2535,7,-22,1,1
395,7,-21,0,2
2534,7,-21,1,1
396,7,-20,0,2
2533,7,-20,1,1
397,7,-19,0,2
2532,7,-19,1,1
404,-10,-14,1,0
1691,-10,-14,2,2,False
405,-10,-13,1,0
1690,-10,-13,2,2,False
406,-11,-13,1,0
407,-12,-13,1,0
408,-13,-13,1,0
409,-13,-12,1,0
410,-13,-11,1,0
411,-13,-10,1,0
412,-14,-10,1,0
413,-15,-10,1,0
416,-15,-13,1,0
417,-15,-14,1,0
418,-15,-15,1,0
419,-15,-16,1,0
420,-15,-17,1,0
421,-14,-17,1,0
422,-13,-17,1,0
423,-13,-16,1,0
424,-13,-15,1,0
425,-13,-14,1,0
426,-12,-14,1,0
427,-11,-14,1,0
428,-7,-13,1,0
1692,-7,-13,2,2,False
429,-6,-13,1,0
430,-5,-13,1,0
431,-4,-13,1,0
432,-4,-12,1,0
433,-4,-11,1,0
434,-4,-10,1,0
435,-3,-10,1,0
436,-2,-10,1,0
437,-2,-11,1,0
438,-2,-12,1,0
439,-2,-13,1,0
440,-2,-14,1,0
441,-2,-15,1,0
442,-2,-16,1,0
443,-2,-17,1,0
444,-3,-17,1,0
445,-4,-17,1,0
446,-4,-16,1,0
447,-4,-15,1,0
448,-4,-14,1,0
449,-5,-14,1,0
450,-6,-14,1,0
451,-7,-14,1,0
1693,-7,-14,2,2,False
452,-14,-16,1,1
453,-14,-15,1,1
454,-14,-14,1,1
455,-14,-13,1,1
456,-14,-12,1,1
457,-14,-11,1,1
458,-3,-16,1,1
459,-3,-15,1,1
460,-3,-14,1,1
461,-3,-13,1,1
462,-3,-12,1,1
463,-3,-11,1,1
464,-9,-22,1,1
465,-8,-22,1,1
466,-8,-21,1,1
467,-8,-20,1,1
468,-8,-19,1,1
469,-8,-18,1,1
470,-8,-17,1,1
471,-8,-16,1,1
472,-8,-15,1,1
473,-8,-14,1,1
474,-8,-13,1,1
1702,-8,-13,6,
1684,-8,-12,1,1
1687,-8,-12,2,2,False
476,-8,-11,1,1
1680,-8,-11,10,
477,-8,-10,1,1
1695,-8,-10,9,
478,-8,-9,1,1
1679,-8,-9,10,
481,-9,-9,1,1
1678,-9,-9,10,
482,-9,-10,1,1
1694,-9,-10,9,
483,-9,-11,1,1
1681,-9,-11,10,
1685,-9,-12,1,1
1686,-9,-12,2,2,False
485,-9,-13,1,1
1698,-9,-13,6,
486,-9,-14,1,1
487,-9,-15,1,1
488,-9,-16,1,1
489,-9,-17,1,1
490,-9,-19,1,1
491,-9,-18,1,1
492,-9,-20,1,1
493,-9,-21,1,1
494,-24,-24,1,1
495,-23,-24,1,1
496,-22,-24,1,1
497,-21,-24,1,1
498,-20,-24,1,1
499,-19,-24,1,1
500,-18,-24,1,1
501,-17,-24,1,1
502,-16,-24,1,1
503,-15,-24,1,1
504,-14,-24,1,1
505,-13,-24,1,1
506,-12,-24,1,1
507,-11,-24,1,1
508,-10,-24,1,1
509,-9,-24,1,1
510,-8,-24,1,1
511,-7,-24,1,1
512,-6,-24,1,1
513,-5,-24,1,1
514,-4,-24,1,1
515,-3,-24,1,1
516,-2,-24,1,1
517,-1,-24,1,1
518,0,-24,1,1
519,1,-24,1,1
520,2,-24,1,1
521,3,-24,1,1
522,4,-24,1,1
523,5,-24,1,1
524,6,-24,1,1
525,0,-22,1,1
526,1,-22,1,1
527,2,-22,1,1
528,3,-22,1,1
529,4,-22,1,1
530,5,-22,1,1
531,6,-22,1,1
532,6,-21,1,1
533,6,-20,1,1
534,6,-19,1,1
535,5,-19,1,1
536,4,-19,1,1
537,3,-19,1,1
538,2,-19,1,1
539,1,-19,1,1
540,0,-19,1,1
541,0,-20,1,1
542,0,-21,1,1
543,0,-26,1,1
544,1,-26,1,1
545,2,-26,1,1
546,3,-26,1,1
547,4,-26,1,1
548,5,-26,1,1
549,6,-26,1,1
550,6,-27,1,1
551,6,-28,1,1
552,6,-29,1,1
553,5,-29,1,1
554,4,-29,1,1
555,3,-29,1,1
556,2,-29,1,1
557,1,-29,1,1
558,0,-29,1,1
559,0,-28,1,1
560,0,-27,1,1
561,-18,-26,1,1
562,-19,-26,1,1
623,-20,-25,1,0
622,-21,-25,1,0
565,-20,-26,1,1
566,-21,-26,1,1
567,-22,-26,1,1
568,-23,-26,1,1
569,-24,-26,1,1
570,-24,-27,1,1
571,-24,-28,1,1
573,-23,-29,1,1
574,-22,-29,1,1
575,-21,-29,1,1
576,-20,-29,1,1
577,-19,-29,1,1
578,-18,-29,1,1
579,-18,-28,1,1
580,-18,-27,1,1
581,-18,-22,1,1
582,-19,-22,1,1
583,-20,-22,1,1
584,-21,-22,1,1
585,-22,-22,1,1
586,-23,-22,1,1
587,-24,-22,1,1
588,-24,-21,1,1
589,-24,-20,1,1
590,-24,-19,1,1
591,-23,-19,1,1
592,-22,-19,1,1
593,-21,-19,1,1
594,-20,-19,1,1
595,-19,-19,1,1
596,-18,-19,1,1
597,-18,-20,1,1
598,-18,-21,1,1
599,-23,-20,1,0
600,-23,-21,1,0
601,-22,-21,1,0
602,-21,-21,1,0
603,-20,-21,1,0
604,-19,-21,1,0
605,-19,-20,1,0
606,-20,-20,1,0
607,-21,-20,1,0
608,-22,-20,1,0
609,-23,-27,1,0
610,-23,-28,1,0
611,-22,-28,1,0
612,-21,-28,1,0
613,-20,-28,1,0
614,-19,-28,1,0
615,-19,-27,1,0
616,-20,-27,1,0
617,-21,-27,1,0
618,-22,-27,1,0
619,-24,-25,1,0
1704,-24,-25,6,1705
1706,-24,-25,5,0
620,-23,-25,1,0
621,-22,-25,1,0
624,-19,-25,1,0
625,-18,-25,1,0
626,-17,-25,1,0
627,-16,-25,1,0
628,-15,-25,1,0
629,-14,-25,1,0
630,-13,-25,1,0
631,-12,-25,1,0
632,-11,-25,1,0
633,-10,-25,1,0
1705,-10,-25,6,
634,-9,-25,1,0
635,-8,-25,1,0
636,-7,-25,1,0
1708,-7,-25,6,
637,-6,-25,1,0
638,-5,-25,1,0
639,-4,-25,1,0
640,-3,-25,1,0
641,-2,-25,1,0
642,-1,-25,1,0
643,0,-25,1,0
644,1,-25,1,0
645,2,-25,1,0
646,3,-25,1,0
647,4,-25,1,0
648,5,-25,1,0
649,6,-25,1,0
1707,6,-25,6,1708
1709,6,-25,5,0
650,6,-23,1,0
1700,6,-23,6,1701
1703,6,-23,5,0
651,5,-23,1,0
652,4,-23,1,0
653,3,-23,1,0
654,2,-23,1,0
655,1,-23,1,0
656,0,-23,1,0
657,-1,-23,1,0
658,-2,-23,1,0
659,-3,-23,1,0
660,-4,-23,1,0
661,-5,-23,1,0
662,-6,-23,1,0
663,-7,-23,1,0
664,-8,-23,1,0
1701,-8,-23,6,1702
665,-9,-23,1,0
1697,-9,-23,6,1698
666,-10,-23,1,0
667,-11,-23,1,0
668,-12,-23,1,0
669,-13,-23,1,0
670,-14,-23,1,0
671,-15,-23,1,0
672,-16,-23,1,0
673,-17,-23,1,0
674,-18,-23,1,0
675,-19,-23,1,0
676,-20,-23,1,0
677,-21,-23,1,0
678,-22,-23,1,0
679,-23,-23,1,0
680,-24,-23,1,0
1696,-24,-23,6,1697
1699,-24,-23,5,0
681,1,-21,1,0
682,2,-21,1,0
683,3,-21,1,0
684,4,-21,1,0
685,5,-21,1,0
686,5,-20,1,0
687,4,-20,1,0
688,3,-20,1,0
689,2,-20,1,0
690,1,-20,1,0
691,1,-27,1,0
692,1,-28,1,0
693,2,-28,1,0
694,3,-28,1,0
695,4,-28,1,0
696,5,-28,1,0
697,5,-27,1,0
698,4,-27,1,0
699,3,-27,1,0
700,2,-27,1,0
727,-26,2,0,3
938,-26,2,1,0
728,-26,1,0,3
939,-26,1,1,0
785,-26,0,1,0
730,-26,3,0,2
869,-26,3,1,0
866,-25,4,1,0
1005,-25,5,0,2
2334,-25,5,1,1
1053,-25,6,1,1
968,-25,-1,0,2
1143,-25,-2,1,1
1361,-25,-3,1,0
1518,-24,-4,1,0
1599,-24,-5,1,0
1607,-23,-6,1,0
786,-25,0,1,0
969,-24,-1,0,2
731,-25,3,0,2
870,-25,3,1,0
865,-24,4,1,0
1148,-24,4,6,1149
864,-23,4,1,0
1153,-23,4,6,1154
1158,-23,4,5,0
863,-22,4,1,0
1157,-22,4,6,
1007,-23,5,0,2
2332,-23,5,1,1
1006,-24,5,0,2
2333,-24,5,1,1
729,-25,1,0,3
940,-25,1,1,0
732,-25,2,0,2
937,-25,2,1,0
733,-22,3,0,2
873,-22,3,1,0
734,-21,2,0,2
933,-21,2,1,0
735,-22,2,0,3
934,-22,2,1,0
736,-22,1,0,3
943,-22,1,1,0
737,-21,1,0,3
944,-21,1,1,0
738,-21,3,0,3
874,-21,3,1,0
739,-18,2,0,3
930,-18,2,1,0
740,-18,1,0,3
947,-18,1,1,0
741,-17,1,0,3
795,-17,1,1,0
742,-17,2,0,3
929,-17,2,1,0
743,-17,3,0,3
878,-17,3,1,0
744,-18,3,0,2
877,-18,3,1,0
745,-14,1,0,2
798,-14,1,1,0
746,-14,2,0,2
926,-14,2,1,0
747,-13,2,0,2
925,-13,2,1,0
748,-13,3,0,2
882,-13,3,1,0
749,-14,3,0,3
881,-14,3,1,0
750,-13,1,0,3
948,-13,1,1,0
751,-10,3,0,2
885,-10,3,1,0
752,-10,2,0,2
922,-10,2,1,0
753,-9,2,0,2
921,-9,2,1,0
754,-9,3,0,3
886,-9,3,1,0
755,-9,1,0,3
952,-9,1,1,0
756,-10,1,0,3
951,-10,1,1,0
757,-6,1,0,2
955,-6,1,1,0
758,-6,2,0,2
918,-6,2,1,0
759,-5,2,0,2
917,-5,2,1,0
760,-5,3,0,2
890,-5,3,1,0
761,-6,3,0,3
889,-6,3,1,0
762,-5,1,0,3
956,-5,1,1,0
763,-2,1,0,2
813,-2,1,1,0
764,-2,2,0,2
914,-2,2,1,0
765,-2,3,0,2
893,-2,3,1,0
766,-1,2,0,2
913,-1,2,1,0
767,-1,1,0,3
814,-1,1,1,0
768,-1,3,0,3
894,-1,3,1,0
769,2,3,0,2
897,2,3,1,0
770,2,2,0,3
910,2,2,1,0
771,2,1,0,3
959,2,1,1,0
772,3,1,0,3
960,3,1,1,0
773,3,2,0,3
909,3,2,1,0
774,3,3,0,3
898,3,3,1,0
775,6,1,0,2
963,6,1,1,0
776,6,2,0,2
906,6,2,1,0
777,6,3,0,2
901,6,3,1,0
778,7,3,0,2
902,7,3,1,0
779,7,2,0,3
905,7,2,1,0
780,7,1,0,3
964,7,1,1,0
781,-27,3,1,0
1151,-27,3,6,
782,-27,2,1,0
783,-27,1,1,0
784,-27,0,1,0
1150,-27,0,6,1151
787,-24,0,1,0
1149,-24,0,6,1150
788,-23,0,1,0
1154,-23,0,6,1155
789,-22,0,1,0
790,-21,0,1,0
791,-20,0,1,0
1155,-20,0,6,1156
792,-19,0,1,0
1161,-19,0,6,1162
793,-18,0,1,0
794,-17,0,1,0
796,-16,1,1,0
797,-15,1,1,0
799,-15,0,1,0
1166,-15,0,6,1167
800,-16,0,1,0
1160,-16,0,6,1161
801,-14,0,1,0
802,-13,0,1,0
803,-12,0,1,0
1167,-12,0,6,1168
804,-11,0,1,0
1172,-11,0,6,1173
805,-10,0,1,0
806,-9,0,1,0
807,-8,0,1,0
1173,-8,0,6,1174
808,-7,0,1,0
1177,-7,0,6,1178
809,-6,0,1,0
810,-5,0,1,0
811,-4,0,1,0
1176,-4,0,6,1177
812,-3,1,1,0
815,0,1,1,0
1193,0,0,1,0
1197,0,0,6,1198
817,-1,0,1,0
818,-2,0,1,0
1194,-3,0,1,0
1196,-3,0,6,1197
1192,1,0,1,0
1201,1,0,6,1202
821,2,0,1,0
822,3,0,1,0
1191,4,0,1,0
1200,4,0,6,1201
824,5,0,1,0
1207,5,0,6,1208
825,6,0,1,0
826,7,0,1,0
827,8,0,1,0
1206,8,0,6,1207
828,9,0,1,0
829,9,1,1,0
830,9,2,1,0
831,9,3,1,0
832,9,4,1,0
833,8,4,1,0
1205,8,4,6,1206
834,7,4,1,0
835,6,4,1,0
836,5,4,1,0
1204,5,4,6,1205
1190,4,4,1,0
1199,4,4,6,1200
838,3,4,1,0
839,2,4,1,0
1042,1,4,1,0
1189,0,4,1,0
1198,0,4,6,1199
842,-1,4,1,0
843,-2,4,1,0
1188,-3,4,1,0
1195,-3,4,6,1196
1203,-3,4,5,0
845,-4,4,1,0
1175,-4,4,6,1176
846,-5,4,1,0
847,-6,4,1,0
848,-7,4,1,0
849,-8,4,1,0
1174,-8,4,6,1175
850,-9,4,1,0
851,-10,4,1,0
852,-11,4,1,0
1171,-11,4,6,1172
1179,-11,4,5,0
853,-12,4,1,0
1168,-12,4,6,1169
854,-13,4,1,0
855,-14,4,1,0
1169,-14,4,6,
856,-15,4,1,0
1165,-15,4,6,1166
1170,-15,4,5,0
857,-16,4,1,0
1159,-16,4,6,1160
1164,-16,4,5,0
858,-17,4,1,0
1163,-17,4,6,
859,-18,4,1,0
860,-19,4,1,0
1162,-19,4,6,1163
861,-20,4,1,0
1156,-20,4,6,1157
862,-21,4,1,0
867,-26,4,1,0
868,-27,4,1,0
1147,-27,4,6,1148
1152,-27,4,5,0
871,-24,3,1,0
872,-23,3,1,0
875,-20,3,1,0
876,-19,3,1,0
879,-16,3,1,0
880,-15,3,1,0
883,-12,3,1,0
884,-11,3,1,0
887,-8,3,1,0
888,-7,3,1,0
1178,-7,3,6,
891,-4,3,1,0
892,-3,3,1,0
895,0,3,1,0
896,1,3,1,0
1202,1,3,6,
899,4,3,1,0
900,5,3,1,0
1208,5,3,6,
1209,5,3,5,0
903,8,3,1,0
904,8,2,1,0
907,5,2,1,0
908,4,2,1,0
911,1,2,1,0
912,0,2,1,0
915,-3,2,1,0
916,-4,2,1,0
919,-7,2,1,0
920,-8,2,1,0
923,-11,2,1,0
924,-12,2,1,0
927,-15,2,1,0
928,-16,2,1,0
931,-19,2,1,0
932,-20,2,1,0
935,-23,2,1,0
936,-24,2,1,0
941,-24,1,1,0
942,-23,1,1,0
945,-20,1,1,0
946,-19,1,1,0
949,-12,1,1,0
950,-11,1,1,0
953,-8,1,1,0
954,-7,1,1,0
957,-4,1,1,0
958,1,1,1,0
961,4,1,1,0
962,5,1,1,0
965,8,1,1,0
966,-27,-1,0,2
967,-26,-1,0,2
970,-23,-1,0,2
971,-22,-1,0,2
1137,-22,-1,1,1
972,-21,-1,0,2
1136,-21,-1,1,1
973,-20,-1,0,2
1135,-20,-1,1,1
974,-19,-1,0,2
975,-18,-1,0,2
976,-17,-1,0,2
977,-16,-1,0,2
978,-15,-1,0,2
979,-14,-1,0,2
980,-13,-1,0,2
981,-12,-1,0,2
982,-11,-1,0,2
983,-10,-1,0,2
984,-9,-1,0,2
1120,-9,-1,1,1
985,-8,-1,0,2
1119,-8,-1,1,1
986,-7,-1,0,2
1118,-7,-1,1,1
987,-6,-1,0,2
1117,-6,-1,1,1
988,-5,-1,0,2
1116,-5,-1,1,1
989,-4,-1,0,2
990,-3,-1,0,2
991,-2,-1,0,2
992,-1,-1,0,2
993,0,-1,0,2
994,1,-1,0,2
995,2,-1,0,2
996,3,-1,0,2
997,4,-1,0,2
998,5,-1,0,2
999,6,-1,0,2
1000,7,-1,0,2
1001,8,-1,0,2
1002,9,-1,0,2
1003,-27,5,0,2
2336,-27,5,1,1
1004,-26,5,0,2
2335,-26,5,1,1
1008,-22,5,0,2
2331,-22,5,1,1
1009,-21,5,0,2
2330,-21,5,1,1
1010,-20,5,0,2
2329,-20,5,1,1
1011,-19,5,0,2
2328,-19,5,1,1
1012,-18,5,0,2
2327,-18,5,1,1
1013,-17,5,0,2
2326,-17,5,1,1
1014,-16,5,0,2
2325,-16,5,1,1
1015,-15,5,0,2
2324,-15,5,1,1
1016,-14,5,0,2
2323,-14,5,1,1
1017,-13,5,0,2
2322,-13,5,1,1
1018,-12,5,0,2
2321,-12,5,1,1
1019,-11,5,0,2
2320,-11,5,1,1
2030,-10,5,1,0
2032,-10,5,0,1
2031,-9,5,1,0
2033,-9,5,0,1
1022,-8,5,0,2
2314,-8,5,1,1
1023,-7,5,0,2
2313,-7,5,1,1
1024,-6,5,0,2
2312,-6,5,1,1
1025,-5,5,0,2
2311,-5,5,1,1
1026,-4,5,0,2
2310,-4,5,1,1
1027,-3,5,0,2
2309,-3,5,1,1
1028,-2,5,0,2
2315,-2,5,1,1
1029,-1,5,0,2
2316,-1,5,1,1
1030,0,5,0,2
2317,0,5,1,1
1031,1,5,0,2
2318,1,5,1,1
1034,2,5,0,2
2319,2,5,1,1
1035,3,5,0,2
1081,3,5,1,1
1036,4,5,0,2
1082,4,5,1,1
1037,5,5,0,2
1083,5,5,1,1
1038,6,5,0,2
1084,6,5,1,1
1039,7,5,0,2
2308,7,5,1,1
1040,8,5,0,2
2307,8,5,1,1
1041,9,5,0,2
2306,9,5,1,1
1043,-28,-1,1,1
1044,-28,0,1,1
1045,-28,1,1,1
1046,-28,2,1,1
1047,-28,3,1,1
1048,-28,4,1,1
1049,-28,5,1,1
2028,-28,5,0,2
1050,-28,6,1,1
1051,-27,6,1,1
1052,-26,6,1,1
1054,-24,6,1,1
1055,-23,6,1,1
1056,-22,6,1,1
1057,-21,6,1,1
1058,-20,6,1,1
1059,-19,6,1,1
1060,-18,6,1,1
1061,-17,6,1,1
1062,-16,6,1,1
1063,-15,6,1,1
1064,-14,6,1,1
1065,-13,6,1,1
1066,-12,6,1,1
1067,-11,6,1,1
1068,-10,6,1,1
1069,-9,6,1,1
1070,-8,6,1,1
1071,-7,6,1,1
1072,-6,6,1,1
1073,-5,6,1,1
1074,-4,6,1,1
1075,-3,6,1,1
1076,-2,6,1,1
1077,-1,6,1,1
1078,0,6,1,1
1079,1,6,1,1
1080,2,6,1,1
1085,6,6,1,1
1086,5,6,1,1
1087,4,6,1,1
1088,3,6,1,1
1089,7,6,1,1
1090,8,6,1,1
1091,9,6,1,1
1092,10,6,1,1
1093,10,5,1,1
2029,10,5,0,2
1094,10,4,1,1
1095,10,3,1,1
1096,10,2,1,1
1097,10,1,1,1
1098,10,0,1,1
1099,10,-1,1,1
1100,10,-2,1,1
1101,9,-2,1,1
1102,8,-2,1,1
1103,7,-2,1,1
1104,6,-2,1,1
1105,5,-2,1,1
1106,4,-2,1,1
1107,3,-2,1,1
1108,2,-2,1,1
1109,1,-2,1,1
1110,0,-2,1,1
1111,-1,-2,1,1
1112,-2,-2,1,1
1113,-3,-2,1,1
1114,-4,-2,1,1
1115,-5,-2,1,1
1121,-8,-2,1,1
1122,-7,-2,1,1
1123,-6,-2,1,1
1124,-9,-2,1,1
1125,-10,-2,1,1
1126,-11,-2,1,1
1127,-12,-2,1,1
1128,-13,-2,1,1
1129,-14,-2,1,1
1130,-15,-2,1,1
1131,-16,-2,1,1
1132,-17,-2,1,1
1133,-18,-2,1,1
1134,-19,-2,1,1
1138,-21,-2,1,1
1139,-20,-2,1,1
1140,-22,-2,1,1
1141,-23,-2,1,1
1142,-24,-2,1,1
1144,-26,-2,1,1
1145,-27,-2,1,1
1146,-28,-2,1,1
1214,12,1,7,
1219,12,1,1,2
1215,12,2,7,
1218,12,2,1,2
1216,12,4,1,2
1217,12,3,1,2
1220,12,0,1,2
1221,12,-1,1,2
1222,12,-2,1,2
1223,13,-2,1,2
1224,14,-2,1,2
1225,15,-2,1,2
1226,16,-2,1,2
1227,17,-2,1,2
1228,18,-2,1,2
1229,19,-2,1,2
1230,20,-2,1,2
1231,20,-1,1,2
1232,20,0,1,2
1233,20,1,1,2
1234,20,2,1,2
1235,20,3,1,2
1236,20,4,1,2
1237,19,4,1,2
1238,18,4,1,2
1239,17,4,1,2
1240,16,4,1,2
1241,15,4,1,2
1242,14,4,1,2
1243,13,4,1,2
1246,13,3,1,2
1247,13,2,1,2
1248,13,1,1,2
1249,13,0,1,2
1250,13,-1,1,2
1251,14,-1,1,2
1252,15,-1,1,2
1253,16,-1,1,2
1254,17,-1,1,2
1255,18,-1,1,2
1256,19,-1,1,2
1257,19,0,1,2
1258,19,1,1,2
1259,19,2,1,2
1260,19,3,1,2
1261,18,3,1,2
1262,17,3,1,2
1263,16,3,1,2
1264,15,3,1,2
1265,14,3,1,2
1266,14,2,1,2
1267,14,1,1,2
1268,14,0,1,2
1269,15,0,1,2
1270,16,0,1,2
1271,17,0,1,2
1272,18,0,1,2
1273,18,1,1,2
1274,18,2,1,2
1275,17,2,1,2
1276,16,2,1,2
1277,15,2,1,2
1278,15,1,1,2
1279,16,1,1,2
1280,17,1,1,2
1286,-30,-2,1,2
1287,-31,-2,1,2
1288,-32,-2,1,2
1289,-33,-2,1,2
1290,-34,-2,1,2
1291,-35,-2,1,2
1292,-36,-2,1,2
1293,-37,-2,1,2
1294,-38,-2,1,2
1295,-38,-1,1,2
1296,-38,0,1,2
1297,-38,1,1,2
1298,-38,2,1,2
1299,-38,3,1,2
1300,-37,3,1,2
1301,-37,4,1,2
1302,-37,5,1,2
1303,-38,5,1,2
1304,-38,4,1,2
1305,-36,5,1,2
1306,-35,5,1,2
1307,-34,5,1,2
1308,-33,5,1,2
1309,-32,5,1,2
1310,-31,5,1,2
1311,-30,5,1,2
1312,-30,4,1,2
1313,-30,3,1,2
1314,-30,2,1,2
2221,-30,2,7,
1315,-30,1,1,2
2222,-30,1,7,
1316,-30,0,1,2
1317,-30,-1,1,2
1318,-31,-1,1,2
1319,-32,-1,1,2
1320,-33,-1,1,2
1321,-34,-1,1,2
1322,-35,-1,1,2
1323,-36,-1,1,2
1324,-37,-1,1,2
1325,-37,0,1,2
1326,-37,1,1,2
1327,-37,2,1,2
1328,-36,1,1,2
1329,-36,0,1,2
1330,-35,0,1,2
1331,-34,0,1,2
1332,-33,0,1,2
1333,-32,0,1,2
1334,-31,0,1,2
1335,-31,1,1,2
1336,-31,2,1,2
1337,-31,3,1,2
1338,-31,4,1,2
1339,-32,4,1,2
1340,-33,4,1,2
1341,-34,4,1,2
1342,-35,4,1,2
1343,-36,4,1,2
1344,-36,3,1,2
1345,-36,2,1,2
1346,-35,2,1,2
1347,-34,2,1,2
1348,-34,1,1,2
1349,-33,1,1,2
1350,-35,1,1,2
1351,-32,1,1,2
1352,-32,2,1,2
1353,-32,3,1,2
1354,-33,3,1,2
1355,-34,3,1,2
1356,-35,3,1,2
1357,-33,2,1,2
1358,-28,-3,1,0
1359,-27,-3,1,0
1360,-26,-3,1,0
1362,-24,-3,1,0
1363,-23,-3,1,0
1364,-22,-3,1,0
1365,-21,-3,1,0
1366,-20,-3,1,0
1367,-19,-3,1,0
1368,-18,-3,1,0
1369,-17,-3,1,0
1370,-16,-3,1,0
1371,-15,-3,1,0
1372,-14,-3,1,0
1373,-13,-3,1,0
1374,-12,-3,1,0
1375,-11,-3,1,0
1376,-10,-3,1,0
1553,-9,-3,1,1
1554,-8,-3,1,1
1379,-7,-3,1,0
1380,-6,-3,1,0
1381,-5,-3,1,0
1382,-4,-3,1,0
1383,-3,-3,1,0
1384,-2,-3,1,0
1385,-1,-3,1,0
1386,0,-3,1,0
1387,1,-3,1,0
1388,2,-3,1,0
1389,3,-3,1,0
1390,4,-3,1,0
1391,5,-3,1,0
1392,6,-3,1,0
1393,7,-3,1,0
1394,8,-3,1,0
1395,9,-3,1,0
1396,10,-3,1,0
1398,9,7,1,0
1399,8,7,1,0
1400,7,7,1,0
1401,6,7,1,0
1402,5,7,1,0
1403,4,7,1,0
1404,3,7,1,0
1405,2,7,1,0
1406,1,7,1,0
1407,0,7,1,0
1408,-1,7,1,0
1409,-2,7,1,0
1410,-3,7,1,0
1411,-4,7,1,0
1412,-5,7,1,0
1413,-6,7,1,0
1414,-7,7,1,0
1415,-8,7,1,0
1416,-9,7,1,0
1417,-10,7,1,0
1418,-11,7,1,0
1419,-12,7,1,0
1420,-13,7,1,0
1421,-14,7,1,0
1422,-15,7,1,0
1423,-16,7,1,0
1424,-17,7,1,0
1425,-18,7,1,0
1426,-19,7,1,0
1427,-20,7,1,0
1428,-21,7,1,0
1429,-22,7,1,0
1430,-23,7,1,0
1431,-24,7,1,0
1432,-25,7,1,0
1433,-26,7,1,0
1434,-27,7,1,0
1435,-28,7,1,0
1436,-28,8,1,0
1437,-27,8,1,0
1438,-26,8,1,0
1439,-25,8,1,0
1440,-24,8,1,0
1441,-23,8,1,0
1442,-22,8,1,0
1443,-21,8,1,0
1444,-20,8,1,0
1445,-19,8,1,0
1446,-18,8,1,0
1447,-17,8,1,0
1448,-16,8,1,0
1449,-15,8,1,0
1450,-14,8,1,0
1451,-13,8,1,0
1452,-12,8,1,0
1453,-11,8,1,0
1454,-10,8,1,0
1455,-9,8,1,0
1456,-8,8,1,0
1457,-7,8,1,0
1458,-6,8,1,0
1459,-5,8,1,0
1460,-4,8,1,0
1461,-3,8,1,0
1462,-2,8,1,0
1463,-1,8,1,0
1464,0,8,1,0
1465,1,8,1,0
1466,2,8,1,0
1467,3,8,1,0
1468,4,8,1,0
1469,5,8,1,0
1470,6,8,1,0
1471,7,8,1,0
1472,9,8,1,0
1473,10,8,1,0
1474,8,8,1,0
1475,9,9,1,0
1476,10,9,1,0
1477,8,9,1,0
1478,7,9,1,0
1479,6,9,1,0
1480,5,9,1,0
1481,4,9,1,0
1482,3,9,1,0
1483,2,9,1,0
1484,1,9,1,0
1485,0,9,1,0
1486,-1,9,1,0
1487,-2,9,1,0
1488,-3,9,1,0
1489,-4,9,1,0
1490,-5,9,1,0
1491,-6,9,1,0
1492,-7,9,1,0
1493,-8,9,1,0
1494,-9,9,1,0
1495,-10,9,1,0
1496,-11,9,1,0
1497,-12,9,1,0
1498,-13,9,1,0
1499,-14,9,1,0
1500,-15,9,1,0
1501,-16,9,1,0
1502,-17,9,1,0
1503,-18,9,1,0
1504,-19,9,1,0
1505,-20,9,1,0
1506,-21,9,1,0
1508,-23,9,1,0
1509,-24,9,1,0
1510,-25,9,1,0
1511,-26,9,1,0
1512,-27,9,1,0
1513,-28,9,1,0
1514,-28,-4,1,0
1515,-27,-4,1,0
1516,-26,-4,1,0
1517,-25,-4,1,0
1519,-23,-4,1,0
1520,-22,-4,1,0
1521,-21,-4,1,0
1522,-20,-4,1,0
1523,-19,-4,1,0
1524,-18,-4,1,0
1525,-17,-4,1,0
1526,-16,-4,1,0
1527,-15,-4,1,0
1528,-14,-4,1,0
1529,-13,-4,1,0
1530,-12,-4,1,0
1531,-11,-4,1,0
1532,-10,-4,1,0
1562,-9,-4,1,1
1555,-8,-4,1,1
1535,-7,-4,1,0
1536,-6,-4,1,0
1537,-5,-4,1,0
1538,-4,-4,1,0
1539,-3,-4,1,0
1540,-2,-4,1,0
1541,-1,-4,1,0
1542,0,-4,1,0
1543,1,-4,1,0
1544,2,-4,1,0
1545,3,-4,1,0
1546,4,-4,1,0
1547,5,-4,1,0
1548,6,-4,1,0
1549,7,-4,1,0
1550,8,-4,1,0
1551,9,-4,1,0
1552,10,-4,1,0
1556,-8,-5,1,1
1557,-8,-6,1,1
1558,-8,-7,1,1
1559,-9,-7,1,1
1560,-9,-6,1,1
1561,-9,-5,1,1
1563,-28,-5,1,0
1564,-28,-6,1,0
1565,-28,-7,1,0
1566,-27,-7,1,0
1567,-26,-7,1,0
1568,-25,-7,1,0
1569,-24,-7,1,0
1570,-23,-7,1,0
1571,-22,-7,1,0
1572,-21,-7,1,0
1573,-20,-7,1,0
1574,-19,-7,1,0
1575,-18,-7,1,0
1576,-17,-7,1,0
1577,-16,-7,1,0
1578,-15,-7,1,0
1579,-14,-7,1,0
1580,-13,-7,1,0
1581,-12,-7,1,0
1582,-11,-7,1,0
1583,-10,-7,1,0
1584,-10,-6,1,0
1585,-10,-5,1,0
1586,-11,-5,1,0
1587,-12,-5,1,0
1588,-13,-5,1,0
1589,-14,-5,1,0
1590,-15,-5,1,0
1591,-16,-5,1,0
1592,-17,-5,1,0
1593,-18,-5,1,0
1594,-19,-5,1,0
1595,-20,-5,1,0
1596,-21,-5,1,0
1597,-22,-5,1,0
1598,-23,-5,1,0
1600,-25,-5,1,0
1601,-26,-5,1,0
1602,-27,-5,1,0
1603,-27,-6,1,0
1604,-26,-6,1,0
1605,-25,-6,1,0
1606,-24,-6,1,0
1608,-22,-6,1,0
1609,-21,-6,1,0
1610,-20,-6,1,0
1611,-19,-6,1,0
1612,-18,-6,1,0
1613,-17,-6,1,0
1614,-16,-6,1,0
1615,-15,-6,1,0
1616,-14,-6,1,0
1617,-13,-6,1,0
1618,-12,-6,1,0
1619,-11,-6,1,0
1620,-7,-5,1,0
1621,-7,-6,1,0
1622,-7,-7,1,0
1623,-6,-7,1,0
1624,-5,-7,1,0
1625,-4,-7,1,0
1626,-3,-7,1,0
1627,-2,-7,1,0
1628,-1,-7,1,0
1629,0,-7,1,0
1630,1,-7,1,0
1631,2,-7,1,0
1632,3,-7,1,0
1633,4,-7,1,0
1634,5,-7,1,0
1635,6,-7,1,0
1636,7,-7,1,0
1637,8,-7,1,0
1638,9,-7,1,0
1639,10,-7,1,0
1640,10,-6,1,0
1641,10,-5,1,0
1642,9,-5,1,0
1643,8,-5,1,0
1644,7,-5,1,0
1645,6,-5,1,0
1646,5,-5,1,0
1647,4,-5,1,0
1648,3,-5,1,0
1649,2,-5,1,0
1650,1,-5,1,0
1651,0,-5,1,0
1652,-1,-5,1,0
1653,-2,-5,1,0
1654,-3,-5,1,0
1655,-4,-5,1,0
1656,-5,-5,1,0
1657,-6,-5,1,0
1658,-6,-6,1,0
1659,-5,-6,1,0
1660,-4,-6,1,0
1661,-3,-6,1,0
1662,-2,-6,1,0
1663,-1,-6,1,0
1664,0,-6,1,0
1665,1,-6,1,0
1666,2,-6,1,0
1667,3,-6,1,0
1668,4,-6,1,0
1669,5,-6,1,0
1670,6,-6,1,0
1671,7,-6,1,0
1672,8,-6,1,0
1673,9,-6,1,0
1744,-26,-21,0,1
2636,-26,-21,1,1
1745,-27,-21,0,1
2637,-27,-21,1,1
1746,-28,-21,0,1
2638,-28,-21,1,1
1780,-26,-27,0,1
1957,-26,-27,1,0
1748,-27,-27,0,1
1958,-27,-27,1,0
1947,-28,-27,0,1
1959,-28,-27,1,0
1956,-29,-27,0,1
2645,-29,-27,1,1
1717,-29,-26,0,2
2644,-29,-26,1,1
1718,-29,-25,0,2
2643,-29,-25,1,1
1719,-29,-24,0,2
2642,-29,-24,1,1
1720,-29,-23,0,2
2641,-29,-23,1,1
1721,-29,-22,0,2
2640,-29,-22,1,1
1722,-29,-21,0,2
2639,-29,-21,1,1
1723,-25,-23,2,1,False
1738,-25,-23,1,0
1724,-25,-24,2,1,False
1739,-25,-24,1,1
1725,-25,-25,2,1,False
1726,-25,-25,1,0
1727,-26,-25,1,0
1728,-26,-26,1,0
1729,-27,-26,1,0
1730,-28,-26,1,0
1731,-28,-25,1,0
1732,-28,-24,1,0
1733,-28,-23,1,0
1734,-28,-22,1,0
1735,-27,-22,1,0
1736,-26,-22,1,0
1737,-26,-23,1,0
1740,-26,-24,1,1
1741,-27,-24,1,1
1742,-27,-25,1,1
1743,-27,-23,1,1
1858,-20,-31,1,2
1869,-20,-32,1,2
1949,-29,-28,0,1
2646,-29,-28,1,1
1950,-29,-29,0,1
2733,-29,-29,1,1
1951,-29,-30,0,1
2732,-29,-30,1,1
1952,-29,-31,0,1
2731,-29,-31,1,1
1953,-29,-32,0,1
2730,-29,-32,1,1
1859,-19,-31,1,2
1969,-19,-31,10,
1868,-19,-32,1,2
1970,-19,-32,10,
1762,-19,-33,0,1
2719,-19,-33,1,1
1763,-20,-33,0,1
2720,-20,-33,1,1
1764,-21,-33,0,1
2721,-21,-33,1,1
1765,-22,-33,0,1
2722,-22,-33,1,1
1766,-23,-33,0,1
2723,-23,-33,1,1
1767,-24,-33,0,1
2724,-24,-33,1,1
1768,-25,-33,0,1
2725,-25,-33,1,1
1769,-26,-33,0,1
2726,-26,-33,1,1
1770,-27,-33,0,1
2727,-27,-33,1,1
1955,-28,-33,0,1
2728,-28,-33,1,1
1954,-29,-33,0,1
2729,-29,-33,1,1
1855,-23,-31,1,2
1967,-23,-31,10,
1853,-24,-31,1,2
1852,-25,-31,1,2
1848,-26,-31,1,2
1849,-26,-30,1,2
1831,-26,-28,1,2
1929,-26,-28,10,
1781,-18,-33,0,1
2718,-18,-33,1,1
1782,-17,-33,0,1
2716,-17,-33,1,1
1783,-16,-33,0,1
2715,-16,-33,1,1
1784,-15,-33,0,1
2717,-15,-33,1,1
1785,-14,-33,0,1
2714,-14,-33,1,1
1786,-14,-32,0,1
2713,-14,-32,1,1
1787,-14,-31,0,1
2712,-14,-31,1,1
1788,-14,-30,0,1
2711,-14,-30,1,1
1789,-14,-29,0,1
2710,-14,-29,1,1
1790,-13,-29,0,1
2709,-13,-29,1,1
1791,-12,-29,0,1
2708,-12,-29,1,1
1792,-11,-29,0,1
2707,-11,-29,1,1
1793,-10,-29,0,1
2706,-10,-29,1,1
1794,-9,-29,0,1
2705,-9,-29,1,1
1795,-8,-29,0,1
2704,-8,-29,1,1
1796,-7,-29,0,1
2703,-7,-29,1,1
1797,-6,-29,0,1
2702,-6,-29,1,1
1798,-5,-29,0,1
2701,-5,-29,1,1
1799,-4,-29,0,1
2700,-4,-29,1,1
1800,-4,-30,0,1
2699,-4,-30,1,1
1801,-4,-31,0,1
2698,-4,-31,1,1
1804,-4,-32,0,1
2695,-4,-32,1,1
1805,-4,-33,0,1
2696,-4,-33,1,1
1806,-3,-33,0,1
2697,-3,-33,1,1
1807,-2,-33,0,1
1898,-2,-33,1,2
1808,-1,-33,0,1
1899,-1,-33,1,2
1900,-1,-32,1,2
1928,0,-32,1,2
1927,1,-32,1,2
1815,1,-33,0,1
2693,1,-33,1,1
1816,2,-33,0,1
2692,2,-33,1,1
1814,0,-33,0,1
2694,0,-33,1,1
1817,3,-33,0,1
2691,3,-33,1,1
1818,4,-33,0,1
2690,4,-33,1,1
1827,5,-33,0,1
2689,5,-33,1,1
1829,5,-31,0,1
2687,5,-31,1,1
1828,5,-32,0,1
2688,5,-32,1,1
1924,4,-32,1,2
1923,4,-31,1,2
1933,4,-31,10,
1830,-27,-28,1,2
1930,-27,-28,10,
1946,-28,-28,1,2
1966,-28,-28,10,
1945,-28,-29,1,2
1944,-28,-30,1,2
1943,-28,-31,1,2
1942,-28,-32,1,2
1837,-27,-32,1,2
1845,-27,-29,1,2
1846,-27,-30,1,2
1847,-27,-31,1,2
1850,-26,-32,1,2
1851,-25,-32,1,2
1854,-24,-32,1,2
1856,-22,-31,1,2
1857,-21,-31,1,2
1860,-18,-31,1,2
1861,-17,-31,1,2
1862,-16,-31,1,2
1863,-15,-31,1,2
1864,-15,-32,1,2
1865,-16,-32,1,2
1866,-17,-32,1,2
1867,-18,-32,1,2
1870,-21,-32,1,2
1871,-22,-32,1,2
1872,-23,-32,1,2
1968,-23,-32,10,
1873,-16,-30,1,2
1874,-16,-29,1,2
1875,-16,-28,1,2
1876,-16,-27,1,2
1877,-15,-27,1,2
1878,-14,-27,1,2
1879,-13,-27,1,2
1880,-12,-27,1,2
1881,-11,-27,1,2
1882,-10,-27,1,2
1883,-9,-27,1,2
1975,-9,-27,11,
1884,-8,-27,1,2
1885,-7,-27,1,2
1886,-6,-27,1,2
1887,-5,-27,1,2
1888,-4,-27,1,2
1889,-3,-27,1,2
1890,-2,-27,1,2
1891,-2,-28,1,2
1892,-2,-29,1,2
1893,-2,-30,1,2
1894,-2,-31,1,2
1895,-3,-31,1,2
1896,-3,-32,1,2
1897,-2,-32,1,2
1901,-3,-30,1,2
1902,-3,-29,1,2
1903,-3,-28,1,2
1904,-4,-28,1,2
1972,-4,-28,6,
1905,-5,-28,1,2
1906,-6,-28,1,2
1907,-7,-28,1,2
1908,-8,-28,1,2
1909,-9,-28,1,2
1974,-9,-28,11,
1910,-10,-28,1,2
1911,-11,-28,1,2
1912,-12,-28,1,2
1913,-13,-28,1,2
1914,-14,-28,1,2
1971,-14,-28,6,1972
1973,-14,-28,5,0
1915,-15,-28,1,2
1916,-15,-29,1,2
1917,-15,-30,1,2
1918,-1,-31,1,2
1919,0,-31,1,2
1920,1,-31,1,2
1921,2,-31,1,2
1931,2,-31,10,
1922,3,-31,1,2
1932,3,-31,10,
1925,3,-32,1,2
1926,2,-32,1,2
1976,8,-20,0,2
2536,8,-20,1,1
1977,9,-20,0,2
2537,9,-20,1,1
1978,10,-20,0,2
2538,10,-20,1,1
1979,11,-20,0,2
2539,11,-20,1,1
1980,12,-20,0,2
2540,12,-20,1,1
1981,12,-21,0,2
2541,12,-21,1,1
1982,12,-22,0,2
2542,12,-22,1,1
2010,11,-22,1,2
2009,11,-23,1,2
1985,12,-23,0,2
2543,12,-23,1,1
1986,12,-24,0,2
2544,12,-24,1,1
1987,12,-25,0,2
2545,12,-25,1,1
1988,12,-26,0,2
2546,12,-26,1,1
1989,12,-27,0,2
2547,12,-27,1,1
1990,12,-28,0,2
2548,12,-28,1,1
1991,11,-28,0,2
2549,11,-28,1,1
1992,10,-28,0,2
2550,10,-28,1,1
1993,9,-28,0,2
2551,9,-28,1,1
1994,8,-28,0,2
2552,8,-28,1,1
1995,7,-25,2,1,False
1999,7,-25,1,2
1996,7,-23,2,1,False
1997,7,-23,1,2
1998,7,-24,1,2
2000,8,-25,1,2
2001,8,-26,1,2
2002,8,-27,1,2
2003,9,-27,1,2
2004,10,-27,1,2
2005,11,-27,1,2
2006,11,-26,1,2
2007,11,-25,1,2
2008,11,-24,1,2
2011,11,-21,1,2
2012,10,-21,1,2
2013,9,-21,1,2
2014,8,-21,1,2
2015,8,-22,1,2
2016,8,-23,1,2
2017,8,-24,1,2
2018,9,-25,1,2
2019,9,-26,1,2
2020,10,-26,1,2
2021,10,-25,1,2
2022,10,-24,1,2
2223,10,-24,4,
2023,10,-23,1,2
2024,10,-22,1,2
2025,9,-22,1,2
2026,9,-23,1,2
2027,9,-24,1,2
2036,-10,11,1,1
2037,-9,11,1,1
2038,-8,11,1,1
2039,-8,12,1,1
2040,-11,12,1,1
2041,-11,11,1,1
2042,-12,13,1,1
2043,-13,14,1,1
2044,-13,15,1,1
2045,-13,16,1,1
2046,-12,17,1,1
2047,-11,18,1,1
2048,-10,18,1,1
2049,-9,18,1,1
2087,-8,17,1,0
2074,-7,16,1,0
2073,-7,15,1,0
2072,-7,14,1,0
2054,-8,18,1,1
2055,-7,17,1,1
2056,-6,16,1,1
2057,-6,15,1,1
2058,-6,14,1,1
2059,-7,13,1,1
2060,-11,15,1,1
2061,-8,15,1,1
2062,-9,13,1,1
2063,-10,13,1,1
2064,-10,12,1,0
2065,-9,12,1,0
2066,-11,13,1,0
2067,-11,14,1,0
2068,-10,14,1,0
2069,-9,14,1,0
2070,-8,14,1,0
2071,-8,13,1,0
2075,-8,16,1,0
2076,-9,16,1,0
2077,-9,15,1,0
2078,-10,15,1,0
2079,-10,16,1,0
2080,-11,16,1,0
2081,-12,15,1,0
2082,-12,14,1,0
2083,-12,16,1,0
2084,-11,17,1,0
2085,-10,17,1,0
2086,-9,17,1,0
2088,-13,13,1,1
2089,-14,13,1,1
2090,-15,13,1,1
2165,-15,12,1,2
2092,-16,12,1,1
2093,-6,13,1,1
2094,-5,13,1,1
2095,-4,13,1,1
2096,-3,12,1,1
2097,-13,17,1,1
2098,-13,19,1,1
2099,-13,18,1,1
2100,-13,20,1,1
2101,-12,19,1,1
2102,-12,18,1,1
2103,-7,19,1,1
2104,-6,20,1,1
2105,-6,19,1,1
2106,-6,18,1,1
2107,-6,17,1,1
2108,-7,18,1,1
2109,-17,11,0,2
2237,-17,11,1,1
2110,-17,12,0,2
2238,-17,12,1,1
2111,-17,13,0,2
2239,-17,13,1,1
2112,-17,14,0,2
2240,-17,14,1,1
2113,-17,15,0,2
2241,-17,15,1,1
2114,-17,16,0,2
2242,-17,16,1,1
2115,-17,17,0,2
2243,-17,17,1,1
2184,-16,17,1,2
2189,-16,18,1,2
2118,-17,18,0,2
2244,-17,18,1,1
2119,-17,19,0,2
2245,-17,19,1,1
2120,-17,20,0,2
2246,-17,20,1,1
2121,-17,21,0,2
2247,-17,21,1,1
2122,-16,21,0,2
2248,-16,21,1,1
2123,-15,21,0,2
2249,-15,21,1,1
2124,-14,21,0,2
2250,-14,21,1,1
2125,-13,21,0,2
2251,-13,21,1,1
2126,-12,21,0,2
2252,-12,21,1,1
2127,-11,21,0,2
2253,-11,21,1,1
2128,-10,21,0,2
2254,-10,21,1,1
2129,-9,21,0,2
2255,-9,21,1,1
2130,-8,21,0,2
2256,-8,21,1,1
2131,-7,21,0,2
2257,-7,21,1,1
2132,-6,21,0,2
2258,-6,21,1,1
2133,-5,21,0,2
2259,-5,21,1,1
2134,-2,11,0,2
2272,-2,11,1,1
2135,-2,12,0,2
2271,-2,12,1,1
2136,-2,13,0,2
2270,-2,13,1,1
2137,-2,14,0,2
2269,-2,14,1,1
2138,-2,15,0,2
2268,-2,15,1,1
2139,-2,16,0,2
2267,-2,16,1,1
2140,-2,17,0,2
2266,-2,17,1,1
2141,-2,18,0,2
2265,-2,18,1,1
2142,-2,19,0,2
2264,-2,19,1,1
2143,-2,20,0,2
2263,-2,20,1,1
2144,-2,21,0,2
2262,-2,21,1,1
2145,-3,21,0,2
2261,-3,21,1,1
2146,-4,21,0,2
2260,-4,21,1,1
2147,-16,11,1,2
2148,-15,11,1,2
2149,-14,11,1,2
2150,-13,11,1,2
2151,-12,11,1,2
2152,-7,11,1,2
2153,-6,11,1,2
2154,-5,11,1,2
2155,-4,11,1,2
2156,-3,11,1,2
2157,-3,13,1,2
2158,-4,12,1,2
2159,-5,12,1,2
2160,-6,12,1,2
2161,-7,12,1,2
2162,-12,12,1,2
2163,-13,12,1,2
2164,-14,12,1,2
2166,-16,13,1,2
2167,-16,14,1,2
2168,-15,14,1,2
2169,-14,14,1,2
2170,-4,14,1,2
2171,-3,14,1,2
2172,-5,14,1,2
2173,-14,15,1,2
2174,-15,15,1,2
2175,-16,15,1,2
2176,-5,15,1,2
2177,-4,15,1,2
2178,-3,15,1,2
2179,-3,16,1,2
2180,-4,16,1,2
2181,-5,16,1,2
2182,-14,17,1,2
2183,-15,17,1,2
2185,-16,16,1,2
2186,-15,16,1,2
2187,-14,16,1,2
2188,-15,18,1,2
2190,-14,18,1,2
2191,-15,19,1,2
2192,-16,19,1,2
2193,-14,19,1,2
2194,-11,19,1,2
2195,-10,19,1,2
2196,-5,18,1,2
2197,-4,18,1,2
2198,-4,17,1,2
2199,-5,17,1,2
2200,-5,19,1,2
2201,-5,20,1,2
2202,-4,20,1,2
2203,-3,20,1,2
2204,-3,19,1,2
2205,-3,18,1,2
2206,-3,17,1,2
2207,-4,19,1,2
2208,-8,19,1,2
2209,-9,19,1,2
2210,-11,20,1,2
2211,-10,20,1,2
2212,-9,20,1,2
2213,-8,20,1,2
2214,-7,20,1,2
2215,-12,20,1,2
2216,-14,20,1,2
2217,-15,20,1,2
2218,-16,20,1,2
3298,21,6,0,0
2734,-13,-30,0,0
2735,-12,-30,0,0
2736,-11,-30,0,0
2737,-10,-30,0,0
2738,-9,-30,0,0
2739,-8,-30,0,0
2740,-7,-30,0,0
2741,-6,-30,0,0
2742,-5,-30,0,0
2743,-5,-31,0,0
2744,-5,-32,0,0
2745,-5,-33,0,0
2746,-5,-34,0,0
2747,-4,-34,0,0
2748,-3,-34,0,0
2749,-2,-34,0,0
2750,-1,-34,0,0
2751,0,-34,0,0
2752,1,-34,0,0
2753,4,-34,0,0
2754,3,-34,0,0
2755,2,-34,0,0
2756,5,-34,0,0
2757,6,-34,0,0
2758,6,-33,0,0
2759,6,-32,0,0
2760,6,-31,0,0
2761,7,-31,0,0
2762,8,-31,0,0
2763,8,-30,0,0
2764,8,-29,0,0
2765,9,-29,0,0
2766,10,-29,0,0
2767,11,-29,0,0
2768,12,-29,0,0
2769,13,-29,0,0
2770,13,-28,0,0
2771,13,-27,0,0
2772,14,-27,0,0
2773,14,-26,0,0
2774,14,-25,0,0
2775,13,-26,0,0
2776,13,-25,0,0
2777,13,-24,0,0
2778,13,-23,0,0
2779,13,-22,0,0
2780,13,-21,0,0
2781,13,-20,0,0
2782,13,-19,0,0
2783,12,-19,0,0
2784,11,-19,0,0
2785,10,-19,0,0
2786,9,-19,0,0
2787,8,-19,0,0
2788,8,-18,0,0
2789,8,-17,0,0
2790,7,-17,0,0
2791,6,-17,0,0
2792,5,-17,0,0
2793,4,-17,0,0
2794,3,-17,0,0
2795,2,-17,0,0
2796,1,-17,0,0
2797,0,-17,0,0
2798,0,-16,0,0
2799,0,-15,0,0
2800,-13,-31,0,0
2801,-13,-32,0,0
2802,-13,-33,0,0
2803,-13,-34,0,0
2804,-14,-34,0,0
2805,-15,-34,0,0
2806,-16,-34,0,0
2807,-17,-34,0,0
2808,-18,-34,0,0
2809,-19,-34,0,0
2810,-20,-34,0,0
2811,-21,-34,0,0
2812,-22,-34,0,0
2813,-23,-34,0,0
2814,-24,-34,0,0
2815,-25,-34,0,0
2816,-26,-34,0,0
2817,-27,-34,0,0
2818,-28,-34,0,0
2819,-29,-34,0,0
2820,-30,-34,0,0
2821,-30,-33,0,0
2822,-30,-32,0,0
2823,-30,-31,0,0
2824,-30,-30,0,0
2825,-30,-29,0,0
2826,-30,-28,0,0
2827,-30,-27,0,0
2828,-30,-26,0,0
2829,-30,-25,0,0
2830,-30,-24,0,0
2831,-30,-23,0,0
2832,-30,-22,0,0
2833,-30,-21,0,0
2834,-30,-20,0,0
2835,-29,-20,0,0
2836,-28,-20,0,0
2837,-27,-20,0,0
2838,-26,-20,0,0
2839,-26,-19,0,0
2840,-26,-18,0,0
2841,-26,-17,0,0
2842,-25,-17,0,0
2843,-24,-17,0,0
2844,-23,-17,0,0
2845,-22,-17,0,0
2846,-21,-17,0,0
2847,-20,-17,0,0
2848,-19,-17,0,0
2849,-19,-16,0,0
2850,-18,-16,0,0
2851,-17,-16,0,0
2852,-17,-17,0,0
2853,-18,-17,0,0
2854,-17,-15,0,0
2855,-17,-14,0,0
2856,-17,-13,0,0
2857,-17,-12,0,0
2858,-17,-11,0,0
2859,-17,-10,0,0
2860,-17,-9,0,0
2861,-18,-9,0,0
2862,-18,-10,0,0
2863,-18,-11,0,0
2864,-18,-12,0,0
2865,-18,-13,0,0
2866,-18,-14,0,0
2867,-18,-15,0,0
2868,-19,-15,0,0
2869,-19,-14,0,0
2870,-19,-13,0,0
2871,-19,-12,0,0
2872,-19,-11,0,0
2873,-19,-10,0,0
2874,-19,-9,0,0
2875,-20,-9,0,0
2876,-20,-10,0,0
2877,-20,-11,0,0
2878,-20,-12,0,0
2879,-20,-13,0,0
2880,-20,-14,0,0
2881,-20,-15,0,0
2882,-20,-16,0,0
2883,-21,-16,0,0
2884,-22,-16,0,0
2885,-22,-15,0,0
2886,-21,-15,0,0
2887,-21,-14,0,0
2888,-21,-13,0,0
2889,-21,-12,0,0
2890,-21,-11,0,0
2891,-21,-10,0,0
2892,-21,-9,0,0
2893,-22,-9,0,0
2894,-22,-10,0,0
2895,-22,-11,0,0
2896,-22,-12,0,0
2897,-22,-13,0,0
2898,-22,-14,0,0
2899,-23,-16,0,0
2900,-23,-15,0,0
2901,-23,-14,0,0
2902,-23,-13,0,0
2903,-23,-12,0,0
2904,-23,-11,0,0
2905,-23,-10,0,0
2906,-23,-9,0,0
2907,-24,-9,0,0
2908,-24,-10,0,0
2909,-24,-11,0,0
2910,-24,-12,0,0
2911,-24,-13,0,0
2912,-24,-14,0,0
2913,-24,-15,0,0
2914,-24,-16,0,0
2915,-25,-16,0,0
2916,-26,-16,0,0
2917,-26,-15,0,0
2918,-25,-14,0,0
2919,-25,-13,0,0
2920,-25,-12,0,0
2921,-25,-11,0,0
2922,-25,-10,0,0
2923,-25,-9,0,0
2924,-25,-15,0,0
2925,-26,-14,0,0
2926,-26,-13,0,0
2927,-26,-12,0,0
2928,-26,-11,0,0
2929,-26,-10,0,0
2930,-26,-9,0,0
2931,-27,-9,0,0
2932,-27,-10,0,0
2933,-27,-11,0,0
2934,-27,-12,0,0
2935,-27,-13,0,0
2936,-27,-14,0,0
2937,-27,-15,0,0
2938,-27,-16,0,0
2939,-27,-17,0,0
2940,-27,-18,0,0
2941,-27,-19,0,0
2942,-28,-19,0,0
2943,-28,-18,0,0
2944,-28,-17,0,0
2945,-28,-16,0,0
2946,-28,-15,0,0
2947,-28,-14,0,0
2948,-28,-13,0,0
2949,-28,-12,0,0
2950,-28,-11,0,0
2951,-28,-10,0,0
2952,-28,-9,0,0
2953,-29,-9,0,0
2954,-29,-10,0,0
2955,-29,-11,0,0
2956,-29,-12,0,0
2957,-29,-13,0,0
2958,-29,-14,0,0
2959,-29,-15,0,0
2960,-29,-16,0,0
2961,-29,-17,0,0
2962,-29,-18,0,0
2963,-29,-19,0,0
2964,-30,-19,0,0
2965,-30,-18,0,0
2966,-30,-17,0,0
2967,-30,-16,0,0
2968,-30,-15,0,0
2969,-30,-14,0,0
2970,-30,-13,0,0
2971,-30,-12,0,0
2972,-30,-11,0,0
2973,-30,-10,0,0
2974,-30,-9,0,0
2975,-30,-8,0,0
2976,-12,-34,0,0
2977,-12,-33,0,0
2978,-12,-32,0,0
2979,-12,-31,0,0
2980,-11,-31,0,0
2981,-10,-31,0,0
2982,-9,-31,0,0
2983,-8,-31,0,0
2984,-7,-31,0,0
2985,-6,-31,0,0
2986,-6,-32,0,0
2987,-6,-33,0,0
2988,-7,-33,0,0
2989,-7,-34,0,0
2990,-8,-34,0,0
2991,-9,-34,0,0
2992,-10,-34,0,0
2993,-11,-34,0,0
2994,-11,-33,0,0
2995,-11,-32,0,0
2996,-10,-32,0,0
2997,-9,-32,0,0
2998,-8,-32,0,0
2999,-7,-32,0,0
3000,-8,-33,0,0
3001,-9,-33,0,0
3002,-10,-33,0,0
3003,-6,-34,0,0
3004,-30,-35,0,0
3005,-29,-35,0,0
3006,-28,-35,0,0
3007,-27,-35,0,0
3008,-26,-35,0,0
3009,-25,-35,0,0
3010,-24,-35,0,0
3011,-23,-35,0,0
3012,-22,-35,0,0
3013,-21,-35,0,0
3014,-20,-35,0,0
3015,-19,-35,0,0
3016,-18,-35,0,0
3017,-17,-35,0,0
3018,-16,-35,0,0
3019,-15,-35,0,0
3020,-14,-35,0,0
3021,-13,-35,0,0
3022,-12,-35,0,0
3023,-11,-35,0,0
3024,-10,-35,0,0
3025,-9,-35,0,0
3026,-8,-35,0,0
3027,-7,-35,0,0
3028,-6,-35,0,0
3029,-5,-35,0,0
3030,-4,-35,0,0
3031,-2,-35,0,0
3032,-3,-35,0,0
3033,-1,-35,0,0
3034,0,-35,0,0
3035,3,-35,0,0
3036,2,-35,0,0
3037,1,-35,0,0
3038,4,-35,0,0
3039,5,-35,0,0
3040,6,-35,0,0
3041,7,-35,0,0
3042,7,-34,0,0
3043,7,-33,0,0
3044,7,-32,0,0
3045,8,-32,0,0
3046,8,-33,0,0
3047,8,-34,0,0
3048,8,-35,0,0
3049,9,-35,0,0
3050,9,-34,0,0
3051,9,-33,0,0
3052,9,-32,0,0
3053,9,-31,0,0
3054,9,-30,0,0
3055,10,-30,0,0
3056,10,-31,0,0
3057,10,-32,0,0
3058,10,-33,0,0
3059,10,-34,0,0
3060,10,-35,0,0
3061,11,-35,0,0
3062,11,-34,0,0
3063,11,-33,0,0
3064,11,-32,0,0
3065,11,-31,0,0
3066,11,-30,0,0
3067,12,-30,0,0
3068,12,-31,0,0
3069,12,-32,0,0
3070,12,-33,0,0
3071,12,-34,0,0
3072,12,-35,0,0
3073,13,-35,0,0
3074,13,-34,0,0
3075,13,-33,0,0
3076,13,-32,0,0
3077,13,-31,0,0
3078,13,-30,0,0
3079,14,-28,0,0
3080,14,-29,0,0
3081,14,-30,0,0
3082,14,-31,0,0
3083,14,-32,0,0
3084,14,-33,0,0
3085,14,-34,0,0
3086,14,-35,0,0
3087,14,-24,0,0
3088,14,-23,0,0
3089,14,-22,0,0
3090,14,-21,0,0
3091,14,-20,0,0
3092,14,-19,0,0
3093,14,-18,0,0
3094,13,-18,0,0
3095,12,-18,0,0
3096,11,-18,0,0
3097,10,-18,0,0
3098,9,-18,0,0
3099,9,-17,0,0
3100,10,-17,0,0
3101,11,-17,0,0
3102,12,-17,0,0
3103,13,-17,0,0
3104,14,-17,0,0
3105,14,-16,0,0
3106,13,-16,0,0
3107,12,-16,0,0
3108,11,-16,0,0
3109,10,-16,0,0
3110,9,-16,0,0
3111,8,-16,0,0
3112,7,-16,0,0
3113,6,-16,0,0
3114,5,-16,0,0
3115,4,-16,0,0
3116,3,-16,0,0
3117,2,-16,0,0
3118,1,-16,0,0
3119,1,-15,0,0
3120,2,-15,0,0
3121,3,-15,0,0
3122,4,-15,0,0
3123,5,-15,0,0
3124,6,-15,0,0
3125,7,-15,0,0
3126,8,-15,0,0
3127,9,-15,0,0
3128,10,-15,0,0
3129,11,-15,0,0
3130,12,-15,0,0
3131,13,-15,0,0
3132,14,-15,0,0
3133,14,-14,0,0
3134,13,-14,0,0
3135,12,-14,0,0
3136,11,-14,0,0
3137,11,-13,0,0
3138,10,-13,0,0
3139,10,-14,0,0
3140,9,-13,0,0
3141,8,-13,0,0
3142,7,-14,0,0
3143,6,-14,0,0
3144,5,-14,0,0
3145,8,-14,0,0
3146,9,-14,0,0
3147,4,-14,0,0
3148,3,-14,0,0
3149,2,-14,0,0
3150,1,-14,0,0
3151,0,-14,0,0
3152,1,-13,0,0
3153,1,-12,0,0
3154,1,-11,0,0
3155,0,-11,0,0
3156,0,-10,0,0
3157,0,-9,0,0
3158,0,-12,0,0
3159,0,-13,0,0
3160,1,-9,0,0
3161,1,-10,0,0
3162,2,-12,0,0
3163,2,-13,0,0
3164,2,-11,0,0
3165,2,-10,0,0
3166,2,-9,0,0
3167,3,-9,0,0
3168,3,-10,0,0
3169,3,-11,0,0
3170,3,-12,0,0
3171,3,-13,0,0
3172,4,-13,0,0
3173,4,-12,0,0
3174,4,-11,0,0
3175,4,-10,0,0
3176,4,-9,0,0
3177,5,-9,0,0
3178,5,-10,0,0
3179,5,-11,0,0
3180,6,-11,0,0
3181,6,-12,0,0
3182,5,-12,0,0
3183,5,-13,0,0
3184,6,-9,0,0
3185,6,-10,0,0
3186,6,-13,0,0
3187,7,-13,0,0
3188,7,-12,0,0
3189,7,-11,0,0
3190,7,-10,0,0
3191,7,-9,0,0
3192,8,-9,0,0
3193,8,-10,0,0
3194,8,-11,0,0
3195,8,-12,0,0
3196,9,-12,0,0
3197,9,-11,0,0
3198,9,-10,0,0
3199,9,-9,0,0
3200,10,-9,0,0
3201,10,-10,0,0
3202,10,-11,0,0
3203,11,-11,0,0
3204,11,-12,0,0
3205,10,-12,0,0
3206,11,-10,0,0
3207,11,-9,0,0
3208,12,-9,0,0
3209,12,-10,0,0
3210,12,-11,0,0
3211,12,-12,0,0
3212,12,-13,0,0
3213,13,-13,0,0
3214,14,-13,0,0
3215,14,-12,0,0
3216,14,-11,0,0
3217,14,-10,0,0
3218,14,-9,0,0
3219,14,-8,0,0
3220,14,-7,0,0
3221,13,-7,0,0
3222,13,-8,0,0
3223,13,-9,0,0
3224,13,-10,0,0
3225,13,-11,0,0
3226,13,-12,0,0
3227,12,-8,0,0
3228,12,-7,0,0
3229,12,-6,0,0
3230,12,-5,0,0
3231,12,-4,0,0
3232,13,-4,0,0
3233,13,-5,0,0
3234,13,-6,0,0
3235,14,-6,0,0
3236,14,-5,0,0
3237,14,-4,0,0
3238,15,-4,0,0
3239,16,-4,0,0
3240,17,-4,0,0
3241,18,-4,0,0
3242,19,-4,0,0
3243,20,-4,0,0
3244,21,-4,0,0
3245,21,-5,0,0
3246,21,-6,0,0
3247,20,-6,0,0
3248,19,-6,0,0
3249,18,-6,0,0
3250,17,-6,0,0
3251,16,-6,0,0
3252,15,-6,0,0
3253,15,-5,0,0
3254,16,-5,0,0
3255,17,-5,0,0
3256,18,-5,0,0
3257,19,-5,0,0
3258,20,-5,0,0
3259,22,-6,0,0
3260,22,-5,0,0
3261,22,-4,0,0
3262,22,-3,0,0
3263,22,-2,0,0
3264,22,-1,0,0
3265,22,0,0,0
3266,22,1,0,0
3267,22,2,0,0
3268,22,3,0,0
3269,22,4,0,0
3270,22,5,0,0
3271,23,5,0,0
3272,23,4,0,0
3273,23,3,0,0
3274,23,2,0,0
3275,23,1,0,0
3276,23,0,0,0
3277,23,-1,0,0
3278,23,-2,0,0
3279,23,-3,0,0
3280,23,-4,0,0
3281,23,-5,0,0
3282,23,-6,0,0
3283,24,-6,0,0
3284,24,-5,0,0
3285,24,-4,0,0
3286,24,-3,0,0
3287,24,-2,0,0
3288,24,-1,0,0
3289,24,0,0,0
3290,24,1,0,0
3291,24,2,0,0
3292,24,3,0,0
3293,24,4,0,0
3294,24,5,0,0
3295,24,6,0,0
3296,23,6,0,0
3297,22,6,0,0
3299,20,6,0,0
3300,19,6,0,0
3301,18,6,0,0
3302,17,6,0,0
3303,16,6,0,0
3304,15,6,0,0
3305,14,6,0,0
3306,13,6,0,0
3307,12,6,0,0
3308,12,7,0,0
3309,13,7,0,0
3310,14,7,0,0
3311,15,7,0,0
3312,16,7,0,0
3313,17,7,0,0
3314,18,7,0,0
3315,19,7,0,0
3316,20,7,0,0
3317,21,7,0,0
3318,22,7,0,0
3319,23,7,0,0
3320,24,7,0,0
3322,24,8,0,0
3323,23,8,0,0
3324,22,8,0,0
3325,21,8,0,0
3326,20,8,0,0
3327,19,8,0,0
3328,18,8,0,0
3329,17,8,0,0
3330,16,8,0,0
3331,15,8,0,0
3332,14,8,0,0
3333,13,8,0,0
3334,12,8,0,0
3335,12,9,0,0
3336,12,10,0,0
3337,12,11,0,0
3338,13,11,0,0
3339,13,10,0,0
3340,13,9,0,0
3341,14,9,0,0
3342,14,10,0,0
3343,14,11,0,0
3344,11,11,0,0
3345,10,11,0,0
3346,9,11,0,0
3347,8,11,0,0
3348,7,11,0,0
3349,6,11,0,0
3350,5,11,0,0
3351,4,11,0,0
3352,3,11,0,0
3353,2,11,0,0
3354,1,11,0,0
3355,0,11,0,0
3356,-1,11,0,0
3357,-1,12,0,0
3358,0,12,0,0
3359,1,12,0,0
3360,2,12,0,0
3361,3,12,0,0
3362,4,12,0,0
3363,5,12,0,0
3364,6,12,0,0
3365,7,12,0,0
3366,8,12,0,0
3367,9,12,0,0
3368,10,12,0,0
3369,11,12,0,0
3370,12,12,0,0
3371,14,12,0,0
3372,13,12,0,0
3373,15,12,0,0
3374,15,11,0,0
3375,15,10,0,0
3376,15,9,0,0
3377,16,12,0,0
3378,16,11,0,0
3379,16,10,0,0
3380,16,9,0,0
3381,17,10,0,0
3382,17,11,0,0
3383,17,12,0,0
3384,17,9,0,0
3385,18,9,0,0
3386,18,10,0,0
3387,18,11,0,0
3388,18,12,0,0
3389,19,12,0,0
3390,19,11,0,0
3391,19,10,0,0
3392,19,9,0,0
3393,20,9,0,0
3394,20,10,0,0
3395,20,11,0,0
3396,20,12,0,0
3397,21,12,0,0
3398,22,11,0,0
3399,22,10,0,0
3400,21,9,0,0
3401,21,10,0,0
3402,21,11,0,0
3403,22,12,0,0
3404,22,9,0,0
3405,23,9,0,0
3406,23,10,0,0
3407,23,11,0,0
3408,23,12,0,0
3409,24,12,0,0
3410,24,11,0,0
3411,24,10,0,0
3412,24,9,0,0
3413,11,13,0,0
3414,10,13,0,0
3415,9,13,0,0
3416,8,13,0,0
3417,7,13,0,0
3418,6,13,0,0
3419,5,13,0,0
3420,4,13,0,0
3421,3,13,0,0
3422,2,13,0,0
3423,1,13,0,0
3424,0,14,0,0
3425,0,13,0,0
3426,-1,13,0,0
3427,-1,14,0,0
3428,-1,15,0,0
3429,1,14,0,0
3430,2,14,0,0
3431,3,14,0,0
3432,4,14,0,0
3433,5,14,0,0
3434,8,14,0,0
3435,9,14,0,0
3436,10,14,0,0
3437,11,14,0,0
3438,9,15,0,0
3439,8,15,0,0
3440,7,15,0,0
3441,7,14,0,0
3442,6,14,0,0
3443,5,15,0,0
3444,6,15,0,0
3445,10,15,0,0
3446,11,15,0,0
3447,4,15,0,0
3448,3,15,0,0
3449,2,15,0,0
3450,1,15,0,0
3451,0,15,0,0
3452,-1,16,0,0
3453,-1,17,0,0
3454,-1,18,0,0
3455,-1,19,0,0
3456,-1,20,0,0
3457,-1,21,0,0
3458,0,21,0,0
3459,1,21,0,0
3460,0,20,0,0
3461,0,19,0,0
3462,0,18,0,0
3463,0,17,0,0
3464,0,16,0,0
3465,1,16,0,0
3466,1,17,0,0
3467,1,18,0,0
3468,1,19,0,0
3469,1,20,0,0
3470,2,21,0,0
3471,2,20,0,0
3472,2,19,0,0
3473,2,18,0,0
3474,2,17,0,0
3475,2,16,0,0
3476,3,16,0,0
3477,3,17,0,0
3478,3,18,0,0
3479,3,19,0,0
3480,3,20,0,0
3481,3,21,0,0
3482,4,21,0,0
3483,4,20,0,0
3484,4,19,0,0
3485,4,18,0,0
3486,4,17,0,0
3487,4,16,0,0
3488,5,16,0,0
3489,5,17,0,0
3490,5,18,0,0
3491,5,19,0,0
3492,5,20,0,0
3493,5,21,0,0
3494,6,21,0,0
3495,6,20,0,0
3496,6,19,0,0
3497,6,18,0,0
3498,6,17,0,0
3499,6,16,0,0
3500,7,16,0,0
3501,7,17,0,0
3502,7,18,0,0
3503,7,19,0,0
3504,7,20,0,0
3505,7,21,0,0
3506,8,21,0,0
3507,8,20,0,0
3508,8,19,0,0
3509,8,18,0,0
3510,8,17,0,0
3511,8,16,0,0
3512,9,16,0,0
3513,9,17,0,0
3514,9,18,0,0
3515,9,19,0,0
3516,9,20,0,0
3517,9,21,0,0
3518,10,21,0,0
3519,10,20,0,0
3520,10,19,0,0
3521,10,18,0,0
3522,10,17,0,0
3523,10,16,0,0
3524,11,16,0,0
3525,11,17,0,0
3526,11,18,0,0
3527,11,19,0,0
3528,11,20,0,0
3529,11,21,0,0
3530,11,22,0,0
3531,10,22,0,0
3532,9,22,0,0
3533,8,22,0,0
3534,7,22,0,0
3535,6,22,0,0
3536,5,22,0,0
3537,4,22,0,0
3538,3,22,0,0
3539,2,22,0,0
3540,1,22,0,0
3541,0,22,0,0
3542,-1,22,0,0
3543,-2,22,0,0
3544,-3,22,0,0
3545,-4,22,0,0
3546,-5,22,0,0
3547,-6,22,0,0
3548,-7,22,0,0
3549,-8,22,0,0
3550,-9,22,0,0
3551,-10,22,0,0
3552,-11,22,0,0
3553,-12,22,0,0
3554,-12,23,0,0
3555,-13,23,0,0
3556,-14,22,0,0
3557,-15,22,0,0
3558,-16,22,0,0
3559,-17,22,0,0
3560,-18,22,0,0
3561,-13,22,0,0
3562,-16,23,0,0
3563,-17,23,0,0
3564,-15,24,0,0
3565,-14,24,0,0
3566,-13,24,0,0
3567,-12,24,0,0
3568,-11,24,0,0
3569,-10,24,0,0
3570,-10,23,0,0
3571,-9,23,0,0
3572,-8,23,0,0
3573,-11,23,0,0
3574,-14,23,0,0
3575,-15,23,0,0
3576,-16,24,0,0
3577,-17,24,0,0
3578,-18,24,0,0
3579,-18,23,0,0
3580,-18,25,0,0
3581,-17,25,0,0
3582,-16,25,0,0
3583,-15,25,0,0
3584,-14,25,0,0
3585,-13,25,0,0
3586,-12,25,0,0
3587,-11,25,0,0
3588,-10,25,0,0
3589,-9,25,0,0
3590,-9,24,0,0
3591,-9,26,0,0
3592,-8,25,0,0
3593,-8,24,0,0
3594,-7,25,0,0
3595,-6,25,0,0
3596,-5,25,0,0
3597,-4,25,0,0
3598,-3,25,0,0
3599,-2,25,0,0
3600,0,25,0,0
3601,1,25,0,0
3602,2,25,0,0
3603,3,25,0,0
3604,4,25,0,0
3605,5,25,0,0
3606,6,25,0,0
3607,7,25,0,0
3608,8,25,0,0
3609,9,25,0,0
3610,10,25,0,0
3611,11,25,0,0
3612,11,24,0,0
3613,11,23,0,0
3614,10,23,0,0
3615,9,23,0,0
3616,8,23,0,0
3617,7,23,0,0
3618,6,23,0,0
3619,5,23,0,0
3620,4,23,0,0
3621,3,23,0,0
3622,2,23,0,0
3623,1,23,0,0
3624,0,23,0,0
3625,-1,23,0,0
3626,-2,23,0,0
3627,-3,23,0,0
3628,-4,23,0,0
3629,-5,23,0,0
3630,-6,23,0,0
3631,-7,23,0,0
3632,-7,24,0,0
3633,-6,24,0,0
3634,-5,24,0,0
3635,-4,24,0,0
3636,-3,24,0,0
3637,-2,24,0,0
3638,-1,24,0,0
3639,0,24,0,0
3640,1,24,0,0
3641,2,24,0,0
3642,3,24,0,0
3643,4,24,0,0
3644,5,24,0,0
3645,6,24,0,0
3646,7,24,0,0
3647,8,24,0,0
3648,9,24,0,0
3649,10,24,0,0
3650,-1,25,0,0
3651,8,26,0,0
3652,9,26,0,0
3653,10,26,0,0
3654,11,26,0,0
3655,7,26,0,0
3656,6,26,0,0
3657,4,26,0,0
3658,5,26,0,0
3659,3,26,0,0
3660,2,26,0,0
3661,1,26,0,0
3662,0,26,0,0
3663,-1,26,0,0
3664,-2,26,0,0
3665,-3,26,0,0
3666,-4,26,0,0
3667,-5,26,0,0
3668,-6,26,0,0
3669,-7,26,0,0
3670,-8,26,0,0
3671,-10,26,0,0
3672,-11,26,0,0
3673,-12,26,0,0
3674,-13,26,0,0
3675,-14,26,0,0
3676,-15,26,0,0
3677,-16,26,0,0
3678,-17,26,0,0
3679,-18,26,0,0
3680,-19,26,0,0
3681,-18,21,0,0
3682,-18,20,0,0
3683,-18,19,0,0
3684,-18,18,0,0
3685,-18,17,0,0
3686,-18,16,0,0
3687,-18,15,0,0
3688,-18,14,0,0
3689,-18,13,0,0
3690,-18,12,0,0
3691,-18,11,0,0
3692,-19,11,0,0
3693,-19,12,0,0
3694,-19,13,0,0
3695,-19,14,0,0
3696,-19,15,0,0
3697,-19,16,0,0
3698,-19,17,0,0
3699,-19,18,0,0
3700,-19,19,0,0
3701,-19,20,0,0
3702,-19,21,0,0
3703,-19,22,0,0
3704,-19,23,0,0
3705,-19,24,0,0
3706,-19,25,0,0
3707,-20,26,0,0
3708,-20,25,0,0
3709,-20,24,0,0
3710,-20,23,0,0
3711,-20,22,0,0
3712,-20,21,0,0
3713,-20,20,0,0
3714,-20,19,0,0
3715,-20,18,0,0
3716,-20,17,0,0
3717,-20,16,0,0
3718,-20,15,0,0
3719,-20,14,0,0
3720,-20,13,0,0
3721,-20,12,0,0
3722,-20,11,0,0
3723,12,13,0,0
3724,12,14,0,0
3725,12,15,0,0
3726,12,16,0,0
3727,12,17,0,0
3728,12,18,0,0
3729,12,19,0,0
3730,12,20,0,0
3731,12,21,0,0
3732,12,22,0,0
3733,12,23,0,0
3734,12,24,0,0
3735,12,25,0,0
3736,12,26,0,0
3737,13,26,0,0
3738,13,25,0,0
3739,13,24,0,0
3740,13,23,0,0
3741,13,22,0,0
3742,13,21,0,0
3743,13,20,0,0
3744,13,19,0,0
3745,13,18,0,0
3746,13,17,0,0
3747,13,16,0,0
3748,13,15,0,0
3749,13,14,0,0
3750,13,13,0,0
3751,-21,26,0,0
3752,-21,25,0,0
3753,-21,24,0,0
3754,-21,23,0,0
3755,-21,22,0,0
3756,-21,21,0,0
3757,-21,20,0,0
3758,-21,19,0,0
3759,-21,18,0,0
3760,-21,17,0,0
3761,-21,16,0,0
3762,-21,15,0,0
3763,-21,14,0,0
3764,-21,13,0,0
3765,-21,12,0,0
3766,-21,11,0,0
3767,-22,11,0,0
3768,-23,11,0,0
3769,-23,12,0,0
3770,-22,12,0,0
3771,-22,13,0,0
3772,-22,14,0,0
3773,-22,15,0,0
3774,-22,16,0,0
3775,-22,17,0,0
3776,-22,18,0,0
3777,-22,19,0,0
3778,-22,20,0,0
3779,-22,21,0,0
3780,-22,22,0,0
3781,-22,23,0,0
3782,-22,24,0,0
3783,-22,25,0,0
3784,-22,26,0,0
3785,-23,26,0,0
3786,-23,25,0,0
3787,-23,24,0,0
3788,-23,23,0,0
3789,-23,22,0,0
3790,-23,21,0,0
3791,-23,20,0,0
3792,-23,19,0,0
3793,-23,18,0,0
3794,-23,17,0,0
3795,-23,16,0,0
3796,-23,15,0,0
3797,-23,14,0,0
3798,-23,13,0,0
3799,-24,12,0,0
3800,-24,11,0,0
3801,-24,13,0,0
3802,-24,14,0,0
3803,-24,15,0,0
3804,-24,16,0,0
3805,-24,17,0,0
3806,-24,18,0,0
3807,-24,19,0,0
3808,-24,20,0,0
3809,-24,21,0,0
3810,-24,22,0,0
3811,-24,23,0,0
3812,-24,24,0,0
3813,-24,25,0,0
3814,-24,26,0,0
3815,-25,26,0,0
3816,-25,25,0,0
3817,-25,24,0,0
3818,-25,23,0,0
3819,-25,22,0,0
3820,-25,21,0,0
3821,-25,20,0,0
3822,-25,19,0,0
3823,-25,18,0,0
3824,-25,17,0,0
3825,-25,15,0,0
3826,-25,14,0,0
3827,-25,13,0,0
3828,-25,12,0,0
3829,-25,11,0,0
3830,-25,16,0,0
3831,-26,16,0,0
3832,-26,15,0,0
3833,-26,14,0,0
3834,-26,13,0,0
3835,-26,12,0,0
3836,-26,11,0,0
3837,-26,17,0,0
3838,-26,18,0,0
3839,-26,19,0,0
3840,-26,20,0,0
3841,-26,21,0,0
3842,-26,22,0,0
3843,-26,23,0,0
3844,-26,24,0,0
3845,-26,25,0,0
3846,-26,26,0,0
3847,-27,26,0,0
3848,-27,25,0,0
3849,-27,24,0,0
3850,-27,23,0,0
3851,-27,22,0,0
3852,-27,21,0,0
3853,-27,20,0,0
3854,-27,18,0,0
3855,-27,17,0,0
3856,-27,16,0,0
3857,-27,15,0,0
3858,-27,14,0,0
3859,-27,13,0,0
3860,-27,12,0,0
3861,-27,11,0,0
3862,-27,19,0,0
3863,-28,22,0,0
3864,-28,23,0,0
3865,-28,24,0,0
3866,-28,25,0,0
3867,-28,26,0,0
3868,-29,26,0,0
3869,-29,25,0,0
3870,-29,24,0,0
3871,-29,23,0,0
3872,-29,22,0,0
3873,-29,21,0,0
3874,-29,20,0,0
3875,-29,19,0,0
3876,-29,18,0,0
3877,-29,17,0,0
3878,-29,16,0,0
3879,-29,15,0,0
3880,-29,14,0,0
3881,-29,13,0,0
3882,-29,12,0,0
3883,-29,11,0,0
3884,-28,11,0,0
3885,-28,12,0,0
3886,-28,13,0,0
3887,-28,14,0,0
3888,-28,15,0,0
3889,-28,16,0,0
3890,-28,17,0,0
3891,-28,18,0,0
3892,-28,19,0,0
3893,-28,20,0,0
3894,-28,21,0,0
3895,-30,26,0,0
3896,-31,26,0,0
3897,-31,25,0,0
3898,-31,24,0,0
3899,-31,23,0,0
3900,-31,22,0,0
3901,-31,21,0,0
3902,-31,20,0,0
3903,-31,19,0,0
3904,-31,17,0,0
3905,-31,16,0,0
3906,-31,15,0,0
3907,-31,14,0,0
3908,-31,13,0,0
3909,-31,12,0,0
3910,-31,11,0,0
3911,-31,10,0,0
3912,-31,9,0,0
3913,-31,8,0,0
3914,-31,7,0,0
3915,-30,7,0,0
3916,-30,8,0,0
3917,-30,9,0,0
3918,-30,10,0,0
3919,-30,11,0,0
3920,-30,12,0,0
3921,-30,13,0,0
3922,-30,14,0,0
3923,-30,15,0,0
3924,-30,16,0,0
3925,-30,17,0,0
3926,-30,18,0,0
3927,-30,19,0,0
3928,-30,20,0,0
3929,-30,21,0,0
3930,-30,22,0,0
3931,-30,23,0,0
3932,-30,24,0,0
3933,-30,25,0,0
3934,-31,18,0,0
3935,-32,11,0,0
3936,-33,11,0,0
3937,-34,11,0,0
3938,-35,11,0,0
3939,-36,11,0,0
3940,-37,11,0,0
3941,-38,11,0,0
3942,-39,11,0,0
3943,-40,11,0,0
3944,-41,11,0,0
3945,-42,11,0,0
3946,-42,10,0,0
3947,-42,9,0,0
3948,-42,8,0,0
3949,-41,10,0,0
3950,-40,10,0,0
3951,-39,10,0,0
3952,-38,10,0,0
3953,-37,10,0,0
3954,-36,10,0,0
3955,-35,10,0,0
3956,-34,10,0,0
3957,-33,10,0,0
3958,-32,10,0,0
3959,-32,9,0,0
3960,-33,9,0,0
3961,-34,9,0,0
3962,-35,9,0,0
3963,-36,9,0,0
3964,-37,9,0,0
3965,-38,9,0,0
3966,-39,9,0,0
3967,-40,9,0,0
3968,-41,9,0,0
3969,-41,8,0,0
3970,-40,8,0,0
3971,-39,8,0,0
3972,-38,8,0,0
3973,-37,8,0,0
3974,-36,8,0,0
3975,-35,8,0,0
3976,-34,8,0,0
3977,-33,8,0,0
3978,-32,8,0,0
3979,-32,7,0,0
3980,-33,7,0,0
3981,-34,7,0,0
3982,-35,7,0,0
3983,-36,7,0,0
3984,-37,7,0,0
3985,-38,7,0,0
3986,-39,7,0,0
3987,-40,7,0,0
3988,-41,7,0,0
3989,-42,7,0,0
3990,-42,6,0,0
3991,-42,5,0,0
3992,-42,4,0,0
3993,-42,3,0,0
3994,-42,2,0,0
3995,-42,1,0,0
3996,-42,0,0,0
3997,-42,-1,0,0
3998,-42,-2,0,0
3999,-42,-3,0,0
4000,-42,-4,0,0
4001,-41,-3,0,0
4002,-40,-3,0,0
4003,-40,-2,0,0
4004,-40,-1,0,0
4005,-40,0,0,0
4006,-40,1,0,0
4007,-40,2,0,0
4008,-40,3,0,0
4009,-40,4,0,0
4010,-40,5,0,0
4011,-40,6,0,0
4012,-41,6,0,0
4013,-41,5,0,0
4014,-41,4,0,0
4015,-41,3,0,0
4016,-41,2,0,0
4017,-41,1,0,0
4018,-41,0,0,0
4019,-41,-1,0,0
4020,-41,-2,0,0
4021,-41,-4,0,0
4022,-41,-5,0,0
4023,-42,-5,0,0
4024,-40,-4,0,0
4025,-39,-4,0,0
4026,-38,-4,0,0
4027,-37,-4,0,0
4028,-36,-4,0,0
4029,-35,-4,0,0
4030,-34,-4,0,0
4031,-33,-4,0,0
4032,-32,-4,0,0
4033,-31,-4,0,0
4034,-30,-4,0,0
4035,-30,-5,0,0
4036,-31,-5,0,0
4037,-32,-5,0,0
4038,-33,-5,0,0
4039,-34,-5,0,0
4040,-35,-5,0,0
4041,-36,-5,0,0
4042,-37,-5,0,0
4043,-38,-5,0,0
4044,-39,-5,0,0
4045,-40,-5,0,0
4046,-42,-6,0,0
4047,-41,-6,0,0
4048,-40,-6,0,0
4049,-39,-6,0,0
4050,-38,-6,0,0
4051,-37,-6,0,0
4052,-36,-6,0,0
4053,-35,-6,0,0
4054,-34,-6,0,0
4055,-33,-6,0,0
4056,-32,-6,0,0
4057,-31,-6,0,0
4058,-30,-6,0,0
4059,-30,-7,0,0
4060,-31,-7,0,0
4061,-33,-7,0,0
4062,-36,-7,0,0
4063,-37,-7,0,0
4064,-38,-7,0,0
4065,-39,-7,0,0
4066,-40,-7,0,0
4067,-41,-7,0,0
4068,-42,-7,0,0
4069,-35,-7,0,0
4070,-34,-7,0,0
4071,-32,-7,0,0
4072,-31,-8,0,0
4073,-31,-9,0,0
4074,-31,-10,0,0
4075,-31,-11,0,0
4076,-31,-12,0,0
4077,-31,-13,0,0
4078,-31,-14,0,0
4079,-31,-15,0,0
4080,-31,-16,0,0
4081,-31,-17,0,0
4082,-31,-18,0,0
4083,-31,-19,0,0
4084,-31,-20,0,0
4085,-31,-21,0,0
4086,-32,-8,0,0
4087,-32,-9,0,0
4088,-32,-10,0,0
4089,-32,-11,0,0
4090,-32,-12,0,0
4091,-32,-13,0,0
4092,-32,-14,0,0
4093,-32,-15,0,0
4094,-32,-16,0,0
4095,-32,-17,0,0
4096,-32,-18,0,0
4097,-32,-19,0,0
4098,-32,-20,0,0
4099,-33,-8,0,0
4100,-33,-9,0,0
4101,-33,-10,0,0
4102,-33,-11,0,0
4103,-33,-12,0,0
4104,-33,-13,0,0
4105,-33,-14,0,0
4106,-33,-15,0,0
4107,-33,-16,0,0
4108,-33,-17,0,0
4109,-33,-18,0,0
4110,-33,-19,0,0
4111,-33,-20,0,0
4112,-33,-21,0,0
4113,-33,-22,0,0
4114,-33,-23,0,0
4115,-33,-24,0,0
4116,-33,-25,0,0
4117,-33,-26,0,0
4118,-33,-27,0,0
4119,-33,-28,0,0
4120,-33,-29,0,0
4121,-33,-30,0,0
4122,-33,-31,0,0
4123,-33,-32,0,0
4124,-33,-33,0,0
4125,-33,-34,0,0
4126,-33,-35,0,0
4127,-32,-35,0,0
4128,-32,-34,0,0
4129,-32,-33,0,0
4130,-32,-32,0,0
4131,-32,-31,0,0
4132,-32,-30,0,0
4133,-32,-29,0,0
4134,-32,-28,0,0
4135,-32,-27,0,0
4136,-32,-26,0,0
4137,-32,-25,0,0
4138,-32,-24,0,0
4139,-32,-23,0,0
4140,-32,-22,0,0
4141,-32,-21,0,0
4142,-31,-22,0,0
4143,-31,-23,0,0
4144,-31,-24,0,0
4145,-31,-25,0,0
4146,-31,-26,0,0
4147,-31,-27,0,0
4148,-31,-28,0,0
4149,-31,-29,0,0
4150,-31,-31,0,0
4151,-31,-32,0,0
4152,-31,-33,0,0
4153,-31,-34,0,0
4154,-31,-35,0,0
4155,-31,-36,0,0
4156,-32,-36,0,0
4157,-33,-36,0,0
4158,-30,-36,0,0
4159,-29,-36,0,0
4160,-28,-36,0,0
4161,-27,-36,0,0
4162,-26,-36,0,0
4163,-25,-36,0,0
4164,-24,-36,0,0
4165,-23,-36,0,0
4166,-22,-36,0,0
4167,-21,-36,0,0
4168,-20,-36,0,0
4169,-19,-36,0,0
4170,-18,-36,0,0
4171,-17,-36,0,0
4172,-16,-36,0,0
4173,-15,-36,0,0
4174,-14,-36,0,0
4175,-13,-36,0,0
4176,-12,-36,0,0
4177,-11,-36,0,0
4178,-10,-36,0,0
4179,-9,-36,0,0
4180,-8,-36,0,0
4181,-7,-36,0,0
4182,-6,-36,0,0
4183,-5,-36,0,0
4184,-4,-36,0,0
4185,-3,-36,0,0
4186,-2,-36,0,0
4187,-1,-36,0,0
4188,0,-36,0,0
4189,1,-36,0,0
4190,2,-36,0,0
4191,3,-36,0,0
4192,4,-36,0,0
4193,5,-36,0,0
4194,6,-36,0,0
4195,7,-36,0,0
4196,8,-36,0,0
4197,9,-36,0,0
4198,10,-36,0,0
4199,11,-36,0,0
4200,12,-36,0,0
4201,13,-36,0,0
4202,14,-36,0,0
nonGrid:
