version:2
grid:
0,-17,9,0,2
427,-17,9,1,0
1,-17,8,0,2
2,-17,7,0,2
3,-17,6,0,2
4,-17,5,0,0
5,-17,4,0,0
6,-17,3,0,0
7,-17,2,0,0
8,-17,1,0,0
9,-17,0,0,0
10,-17,-1,0,0
11,-17,-2,0,0
12,-17,-3,0,0
13,-17,-4,0,0
14,-17,-5,0,0
15,-17,-6,0,0
16,-17,-7,0,0
17,-17,-8,0,0
18,-17,-9,0,0
19,-17,-10,0,0
20,-17,-11,0,0
21,-17,-12,0,0
22,-17,-13,0,0
23,-17,-14,0,2
24,-17,-15,0,2
25,-17,-16,0,2
26,-17,-17,0,2
27,-16,-17,0,0
28,-15,-17,0,0
29,-14,-17,0,0
30,-13,-17,0,0
31,-12,-17,0,0
32,-11,-17,0,0
33,-10,-17,0,0
34,-9,-17,0,0
35,-8,-17,0,0
36,-7,-17,0,2
1065,-7,-17,1,1
37,-6,-17,0,2
1066,-6,-17,1,1
38,-5,-17,0,2
1067,-5,-17,1,1
39,-4,-17,0,2
1068,-4,-17,1,1
40,-3,-17,0,0
1069,-3,-17,1,1
41,-2,-17,0,0
1070,-2,-17,1,1
42,-1,-17,0,0
43,0,-17,0,0
44,1,-17,0,0
992,1,-17,1,1
45,2,-17,0,0
991,2,-17,1,1
46,3,-17,0,0
990,3,-17,1,1
47,4,-17,0,0
989,4,-17,1,1
48,5,-17,0,2
988,5,-17,1,1
49,6,-17,0,2
987,6,-17,1,1
50,7,-17,0,2
986,7,-17,1,1
51,8,-17,0,2
985,8,-17,1,1
52,9,-17,0,0
53,10,-17,0,0
54,11,-17,0,0
55,12,-17,0,0
56,13,-17,0,0
57,14,-17,0,0
58,15,-17,0,0
59,16,-17,0,0
60,18,-15,0,2
61,18,-16,0,2
62,18,-17,0,2
63,17,-17,0,0
64,-14,5,0,3
755,-14,5,1,1
65,-14,-2,0,3
748,-14,-2,1,1
66,-16,3,4,
532,-16,3,1,1
67,-14,-3,0,3
747,-14,-3,1,1
68,-14,-4,0,3
746,-14,-4,1,1
69,-14,-5,0,3
745,-14,-5,1,1
70,-14,-6,0,3
744,-14,-6,1,1
71,-14,-7,0,3
743,-14,-7,1,1
72,-14,-8,0,3
742,-14,-8,1,1
73,-14,-9,0,3
741,-14,-9,1,1
74,-12,5,0,0
758,-12,5,1,1
75,-12,2,0,0
757,-12,2,1,1
76,-13,2,0,0
756,-13,2,1,1
77,-13,-1,0,0
761,-13,-1,1,1
78,-14,-11,0,3
739,-14,-11,1,1
79,-3,6,0,0
853,-3,6,1,1
80,-14,-10,0,3
740,-14,-10,1,1
81,-14,-12,0,3
738,-14,-12,1,1
82,-14,-13,0,3
737,-14,-13,1,1
83,-13,5,0,0
759,-13,5,1,1
84,-11,2,0,0
731,-11,2,1,1
85,-11,4,0,0
733,-11,4,1,1
86,-11,5,0,0
734,-11,5,1,1
87,16,9,0,0
88,15,9,0,0
89,14,9,0,0
90,13,9,0,0
91,12,9,0,0
92,11,9,0,0
93,10,9,0,0
94,9,9,0,0
95,8,9,0,2
96,8,8,0,2
97,8,7,0,2
98,8,6,0,2
99,-16,9,0,0
428,-16,9,1,0
100,-15,9,0,0
429,-15,9,1,0
101,-14,9,0,0
430,-14,9,1,0
102,-13,9,0,0
431,-13,9,1,0
103,-12,9,0,0
432,-12,9,1,0
104,-11,9,0,0
433,-11,9,1,0
105,-10,9,0,0
434,-10,9,1,0
106,-9,9,0,0
435,-9,9,1,0
107,-4,6,0,0
854,-4,6,1,1
108,-5,6,0,0
855,-5,6,1,1
109,-6,6,0,0
856,-6,6,1,1
110,-7,6,0,2
111,17,9,0,0
112,-7,7,0,2
439,-7,7,1,0
113,-7,8,0,2
438,-7,8,1,0
114,-7,9,0,2
437,-7,9,1,0
115,-8,9,0,0
436,-8,9,1,0
116,-2,6,0,0
852,-2,6,1,1
117,-1,6,0,0
851,-1,6,1,1
118,0,6,0,0
850,0,6,1,1
119,1,6,0,0
849,1,6,1,1
120,2,6,0,0
848,2,6,1,1
121,3,6,0,0
847,3,6,1,1
122,4,6,0,0
846,4,6,1,1
123,5,6,0,0
845,5,6,1,1
124,6,6,0,0
844,6,6,1,1
125,7,6,0,0
843,7,6,1,1
126,-14,4,0,3
754,-14,4,1,1
127,-14,3,0,3
753,-14,3,1,1
128,-14,2,0,3
752,-14,2,1,1
129,-14,1,0,3
751,-14,1,1,1
130,-14,0,0,3
750,-14,0,1,1
131,-14,-1,0,3
749,-14,-1,1,1
132,18,-14,0,2
133,18,-13,0,0
134,18,-12,0,0
135,18,-11,0,0
136,18,-10,0,0
137,18,-9,0,0
138,18,-8,0,0
139,18,-7,0,0
140,18,-6,0,0
141,18,-5,0,0
142,18,-4,0,0
143,18,-3,0,0
144,18,-2,0,0
145,18,-1,0,0
146,18,0,0,0
147,18,1,0,0
148,18,2,0,0
149,18,3,0,0
150,18,4,0,0
151,18,5,0,0
152,18,6,0,2
153,18,7,0,2
154,18,8,0,2
155,18,9,0,2
156,-12,-1,0,0
760,-12,-1,1,1
157,-11,-1,0,0
728,-11,-1,1,1
158,-11,0,0,0
729,-11,0,1,1
159,-13,-4,0,0
762,-13,-4,1,1
160,-12,-4,0,0
763,-12,-4,1,1
161,-11,-4,0,0
725,-11,-4,1,1
162,-11,-3,0,0
726,-11,-3,1,1
163,-13,-7,0,0
765,-13,-7,1,1
164,-12,-7,0,0
764,-12,-7,1,1
165,-11,-7,0,0
722,-11,-7,1,1
166,-11,-6,0,0
723,-11,-6,1,1
167,-13,-10,0,0
766,-13,-10,1,1
168,-12,-10,0,0
767,-12,-10,1,1
169,-11,-10,0,0
719,-11,-10,1,1
170,-11,-9,0,0
720,-11,-9,1,1
171,-13,-13,0,0
736,-13,-13,1,1
172,-12,-13,0,0
735,-12,-13,1,1
173,-11,-13,0,0
716,-11,-13,1,1
174,-11,-12,0,0
717,-11,-12,1,1
175,-7,-16,0,2
1064,-7,-16,1,1
176,-7,-15,0,2
1063,-7,-15,1,1
177,-7,-14,0,2
1062,-7,-14,1,1
178,-7,-13,0,2
1061,-7,-13,1,1
179,-7,-12,0,2
1060,-7,-12,1,1
1103,-4,-12,1,0
181,-3,-12,0,0
182,-2,-12,0,0
1115,-2,-12,1,0
183,-1,-12,0,0
184,0,-13,0,0
185,0,-12,0,0
1116,0,-12,1,0
186,0,-14,0,0
187,0,-15,0,0
188,0,-16,0,0
189,1,-16,0,0
190,1,-15,0,0
191,1,-14,0,0
192,1,-13,0,0
193,1,-12,0,0
194,2,-12,0,0
195,3,-12,0,0
196,4,-12,0,0
197,5,-12,0,0
198,8,-16,0,2
984,8,-16,1,1
199,8,-15,0,2
983,8,-15,1,1
200,8,-14,0,2
982,8,-14,1,1
201,8,-13,0,2
981,8,-13,1,1
202,8,-12,0,2
980,8,-12,1,1
203,-4,-13,5,0
632,-4,-13,1,0
1265,5,-13,1,0
205,-6,-16,8,
1071,-6,-16,1,0
206,-6,-15,8,
1072,-6,-15,1,0
207,-6,-14,8,
1073,-6,-14,1,0
208,-6,5,0,0
857,-6,5,1,1
209,-6,4,0,0
858,-6,4,1,1
210,-6,3,0,0
859,-6,3,1,1
211,-6,2,0,0
860,-6,2,1,1
212,-6,1,0,0
861,-6,1,1,1
213,-5,1,0,0
862,-5,1,1,1
214,-4,1,0,0
473,-4,1,1,0
215,-3,1,0,0
472,-3,1,1,0
216,-2,1,0,0
471,-2,1,1,0
217,-1,1,0,0
863,-1,1,1,1
218,2,1,0,0
864,2,1,1,1
219,3,1,0,0
865,3,1,1,1
220,4,1,0,0
866,4,1,1,1
221,5,1,0,0
867,5,1,1,1
222,6,1,0,0
868,6,1,1,1
223,7,1,0,0
838,7,1,1,1
224,7,2,0,0
839,7,2,1,1
225,7,3,0,0
840,7,3,1,1
226,7,4,0,0
841,7,4,1,1
227,7,5,0,0
842,7,5,1,1
228,-7,-3,0,0
774,-7,-3,1,1
229,-7,-4,0,0
773,-7,-4,1,1
230,-7,-5,0,0
772,-7,-5,1,1
231,-7,-6,0,0
771,-7,-6,1,1
232,-7,-7,0,0
770,-7,-7,1,1
233,-7,-8,0,0
769,-7,-8,1,1
234,-7,-9,0,0
768,-7,-9,1,1
235,-5,-3,0,0
1086,-5,-3,1,1
236,-4,-3,0,0
788,-4,-3,1,1
237,-3,-2,0,0
787,-3,-2,1,1
238,-2,-2,0,0
801,-2,-2,1,1
239,0,-2,0,0
800,0,-2,1,1
240,0,-3,0,0
799,0,-3,1,1
241,1,-3,0,0
802,1,-3,1,1
242,2,-3,0,0
812,2,-3,1,1
243,4,-3,0,0
813,4,-3,1,1
244,5,-3,0,0
825,5,-3,1,1
245,5,-2,0,0
826,5,-2,1,1
246,6,-2,0,0
827,6,-2,1,1
247,8,-2,0,0
830,8,-2,1,1
248,8,-3,0,0
831,8,-3,1,1
249,8,-4,0,0
832,8,-4,1,1
250,8,-5,0,0
833,8,-5,1,1
251,8,-6,0,0
834,8,-6,1,1
252,8,-7,0,0
835,8,-7,1,1
253,8,-8,0,0
836,8,-8,1,1
254,7,-8,0,0
837,7,-8,1,1
255,5,-8,0,0
820,5,-8,1,1
256,4,-8,0,0
818,4,-8,1,1
257,4,-9,0,0
819,4,-9,1,1
258,5,-7,0,0
821,5,-7,1,1
259,5,-6,0,0
822,5,-6,1,1
260,5,-5,0,0
823,5,-5,1,1
261,5,-4,0,0
824,5,-4,1,1
262,6,-5,0,0
828,6,-5,1,1
263,7,-5,0,0
829,7,-5,1,1
264,4,-4,0,0
814,4,-4,1,1
265,4,-5,0,0
815,4,-5,1,1
266,4,-6,0,0
816,4,-6,1,1
267,4,-7,0,0
817,4,-7,1,1
268,3,-6,0,0
811,3,-6,1,1
269,2,-6,0,0
810,2,-6,1,1
270,2,-9,0,0
809,2,-9,1,1
271,1,-9,0,0
808,1,-9,1,1
272,1,-8,0,0
807,1,-8,1,1
273,1,-7,0,0
806,1,-7,1,1
274,1,-6,0,0
805,1,-6,1,1
275,1,-5,0,0
804,1,-5,1,1
276,1,-4,0,0
803,1,-4,1,1
277,0,-4,0,0
798,0,-4,1,1
278,0,-5,0,0
793,0,-5,1,1
279,0,-6,0,0
794,0,-6,1,1
280,0,-7,0,0
795,0,-7,1,1
281,0,-8,0,0
796,0,-8,1,1
282,-1,-8,0,0
797,-1,-8,1,1
283,-3,-8,0,0
781,-3,-8,1,1
284,-3,-7,0,0
782,-3,-7,1,1
285,-3,-6,0,0
783,-3,-6,1,1
286,-3,-5,0,0
784,-3,-5,1,1
287,-3,-4,0,0
785,-3,-4,1,1
288,-3,-3,0,0
786,-3,-3,1,1
289,-2,-5,0,0
791,-2,-5,1,1
290,-1,-5,0,0
792,-1,-5,1,1
291,-4,-4,0,0
789,-4,-4,1,1
292,-4,-5,0,0
790,-4,-5,1,1
293,-4,-6,0,0
777,-4,-6,1,1
294,-4,-7,0,0
778,-4,-7,1,1
295,-4,-8,0,0
779,-4,-8,1,1
296,-4,-9,0,0
780,-4,-9,1,1
297,-5,-6,0,0
776,-5,-6,1,1
298,-6,-6,0,0
775,-6,-6,1,1
299,-6,-9,0,0
1078,-6,-9,1,0
300,-4,4,5,0
479,-4,4,1,0
301,-2,3,5,0
482,-2,3,1,0
302,-1,3,5,0
483,-1,3,1,0
303,0,3,5,0
484,0,3,1,0
304,1,3,5,0
485,1,3,1,0
305,2,3,5,0
486,2,3,1,0
306,3,3,5,0
487,3,3,1,0
307,-2,5,5,0
451,-2,5,1,0
308,-1,5,5,0
452,-1,5,1,0
309,0,5,5,0
453,0,5,1,0
310,1,5,5,0
454,1,5,1,0
311,2,5,5,0
455,2,5,1,0
312,3,5,5,0
456,3,5,1,0
313,4,5,5,0
457,4,5,1,0
314,4,3,5,0
488,4,3,1,0
315,-1,0,8,
1142,-1,0,1,1
316,2,0,8,
1122,2,0,1,0
317,-5,-9,10,
1092,-5,-9,1,0
318,-2,-8,7,
1111,-2,-8,1,0
319,3,-9,7,
1150,3,-9,1,1
320,6,-8,7,
1173,6,-8,1,0
321,7,-2,10,
1168,7,-2,1,1
322,3,-3,7,
1151,3,-3,1,1
323,-6,-3,7,
1079,-6,-3,1,0
324,-1,-2,10,
1140,-1,-2,1,1
325,-11,3,10,
732,-11,3,1,1
326,-11,1,7,
730,-11,1,1,1
327,-11,-2,7,
727,-11,-2,1,1
328,-11,-5,7,
724,-11,-5,1,1
329,-11,-8,11,
721,-11,-8,1,1
330,-11,-11,11,
718,-11,-11,1,1
331,-15,-13,7,
617,-15,-13,1,0
332,-16,-13,7,
548,-16,-13,1,1
333,-12,8,5,0
576,-12,8,1,0
334,-15,5,7,
601,-15,5,1,0
335,-16,5,7,
530,-16,5,1,1
1280,-12,3,1,0
1285,-12,3,6,
337,-13,-5,5,0
609,-13,-5,1,0
338,-12,-8,5,0
611,-12,-8,1,0
339,-13,-11,5,0
613,-13,-11,1,0
340,-5,-7,5,0
661,-5,-7,1,0
341,7,-3,5,0
675,7,-3,1,0
342,-1,-4,5,0
664,-1,-4,1,0
1269,10,-1,1,0
1273,-9,-10,1,1
1276,-9,-10,6,1277
1290,-9,-10,5,0
1005,-9,-1,1,1
1277,-9,-1,6,1278
1291,-9,-1,5,0
1270,10,-10,1,0
1266,0,-10,1,0
1264,1,-1,1,1
1267,10,-6,1,0
1262,-9,-5,1,1
351,9,-12,0,2
979,9,-12,1,1
352,10,-12,0,2
978,10,-12,1,1
353,11,-12,0,2
977,11,-12,1,1
354,12,-12,0,2
976,12,-12,1,1
355,13,-12,0,2
971,13,-12,1,1
356,14,-12,0,2
972,14,-12,1,1
357,15,-12,0,2
973,15,-12,1,1
358,11,-11,0,3
898,11,-11,1,1
359,11,-10,0,3
897,11,-10,1,1
360,11,-9,0,3
896,11,-9,1,1
361,11,-8,0,3
895,11,-8,1,1
362,11,-7,0,3
894,11,-7,1,1
363,11,-6,0,3
893,11,-6,1,1
364,11,-5,0,3
892,11,-5,1,1
365,11,-4,0,3
891,11,-4,1,1
366,11,-3,0,3
890,11,-3,1,1
367,11,-2,0,3
889,11,-2,1,1
368,11,-1,0,3
888,11,-1,1,1
369,11,0,0,3
887,11,0,1,1
370,-5,5,8,
448,-5,5,1,0
371,6,5,8,
459,6,5,1,0
372,6,2,8,
462,6,2,1,0
373,-5,2,8,
475,-5,2,1,0
374,12,0,0,2
910,12,0,1,1
375,12,-1,0,2
909,12,-1,1,1
376,12,-2,0,2
908,12,-2,1,1
377,12,-3,0,2
907,12,-3,1,1
378,12,-4,0,2
906,12,-4,1,1
379,12,-5,0,2
905,12,-5,1,1
380,12,-6,0,2
904,12,-6,1,1
381,12,-7,0,2
903,12,-7,1,1
382,12,-8,0,2
902,12,-8,1,1
383,12,-9,0,2
901,12,-9,1,1
384,12,-10,0,2
900,12,-10,1,1
385,12,-11,0,2
899,12,-11,1,1
386,13,0,0,2
911,13,0,1,1
387,16,0,0,2
912,16,0,1,1
388,17,0,0,2
913,17,0,1,1
389,14,0,2,2,False
915,14,0,1,1
390,15,0,2,2,False
914,15,0,1,1
391,16,-12,2,3,False
974,16,-12,1,1
392,17,-12,2,3,False
975,17,-12,1,1
393,13,-3,10,
963,13,-3,1,1
394,13,-6,10,
966,13,-6,1,1
395,13,-9,10,
969,13,-9,1,1
396,17,-2,10,
944,17,-2,1,1
397,-9,-13,9,
993,-9,-13,1,1
398,17,-8,10,
950,17,-8,1,1
399,16,-5,0,0
932,16,-5,1,1
400,14,-7,0,0
922,14,-7,1,1
401,16,-9,0,0
936,16,-9,1,1
402,9,0,9,
1200,9,0,1,1
403,10,0,9,
1223,10,0,1,0
404,14,-3,0,0
918,14,-3,1,1
405,16,-11,7,
938,16,-11,1,1
406,17,-11,7,
939,17,-11,1,1
407,10,7,0,0
872,10,7,1,1
408,10,6,0,0
871,10,6,1,1
409,10,4,0,0
869,10,4,1,1
410,11,4,0,0
873,11,4,1,1
411,12,4,0,0
874,12,4,1,1
412,13,4,0,0
875,13,4,1,1
413,13,6,0,0
877,13,6,1,1
414,13,7,0,0
878,13,7,1,1
415,12,7,0,0
879,12,7,1,1
416,13,5,0,0
876,13,5,1,1
417,10,5,0,0
870,10,5,1,1
418,14,7,0,0
880,14,7,1,1
419,15,7,0,0
881,15,7,1,1
420,16,7,0,0
882,16,7,1,1
421,16,6,0,0
883,16,6,1,1
422,16,5,0,0
884,16,5,1,1
423,16,4,0,0
885,16,4,1,1
424,14,6,5,0
678,14,6,1,0
425,15,4,0,0
886,15,4,1,1
426,11,6,5,0
676,11,6,1,0
440,-3,4,1,2
441,-2,4,1,2
442,-1,4,1,2
443,0,4,1,2
444,1,4,1,2
445,2,4,1,2
446,3,4,1,2
447,4,4,1,2
449,-4,5,1,0
450,-3,5,1,0
458,5,5,1,0
460,6,4,1,0
461,6,3,1,0
463,5,2,1,0
464,4,2,1,0
465,3,2,1,0
466,2,2,1,0
467,1,2,1,0
468,0,2,1,0
469,-1,2,1,0
470,-2,2,1,0
474,-4,2,1,0
476,-3,2,1,0
477,-5,3,1,0
478,-5,4,1,0
480,-4,3,1,0
481,-3,3,1,0
489,5,3,1,0
490,5,4,1,0
491,0,1,1,0
492,1,1,1,0
493,12,6,1,2
494,12,5,1,2
495,15,6,1,2
496,15,5,1,2
497,-2,-3,1,2
498,-2,-4,1,2
499,2,-4,1,2
500,2,-5,1,2
501,6,-3,1,2
502,6,-4,1,2
503,7,-6,1,2
504,7,-7,1,2
505,2,-7,1,2
506,2,-8,1,2
507,-1,-6,1,2
508,-1,-7,1,2
509,-6,-7,1,2
510,-6,-8,1,2
511,-5,-4,1,2
512,-5,-5,1,2
513,-13,-6,1,2
514,-12,-6,1,2
515,-13,-9,1,2
516,-12,-9,1,2
517,-13,0,1,2
518,-12,0,1,2
519,-12,-3,1,2
520,-13,-3,1,2
1281,-13,3,1,0
1284,-13,3,6,1285
1287,-13,3,5,0
523,-12,-12,1,2
524,-13,-12,1,2
525,-3,-14,1,2
526,-3,-15,1,2
527,4,-14,1,2
528,4,-15,1,2
529,-15,6,1,1
531,-15,4,1,1
533,-15,2,1,1
534,-16,1,1,1
535,-15,0,1,1
536,-16,-1,1,1
537,-15,-2,1,1
538,-16,-3,1,1
539,-15,-4,1,1
540,-16,-5,1,1
541,-15,-6,1,1
542,-16,-7,1,1
543,-15,-8,1,1
544,-16,-9,1,1
545,-15,-10,1,1
546,-16,-11,1,1
547,-15,-12,1,1
549,-15,-14,1,1
550,-16,-15,1,1
551,-15,-16,1,1
552,-14,-15,1,1
553,-13,-14,1,1
554,-13,-16,1,1
555,-12,-15,1,1
556,-11,-14,1,1
557,-11,-16,1,1
558,-10,-15,1,1
559,-9,-14,1,1
560,-8,-15,1,1
561,-9,-16,1,1
562,-16,7,1,1
563,-15,8,1,1
564,-14,7,1,1
565,-13,8,1,1
566,-13,6,1,1
567,-12,7,1,1
568,-11,8,1,1
569,-11,6,1,1
570,-10,7,1,1
571,-9,8,1,1
572,-9,6,1,1
573,-8,7,1,1
574,-8,8,1,0
575,-10,8,1,0
577,-14,8,1,0
578,-16,8,1,0
579,-15,7,1,0
580,-13,7,1,0
581,-11,7,1,0
582,-9,7,1,0
583,-8,6,1,0
584,-10,6,1,0
585,-12,6,1,0
586,-14,6,1,0
587,-16,6,1,0
588,-16,4,1,0
589,-16,2,1,0
590,-16,0,1,0
591,-16,-2,1,0
592,-16,-4,1,0
593,-16,-6,1,0
594,-16,-8,1,0
595,-15,-7,1,0
596,-15,-5,1,0
597,-15,-3,1,0
598,-15,-1,1,0
599,-15,1,1,0
600,-15,3,1,0
1282,-13,4,1,2
1283,-12,4,1,2
604,-12,1,1,0
605,-13,1,1,0
606,-13,-2,1,0
607,-12,-2,1,0
608,-12,-5,1,0
610,-13,-8,1,0
612,-12,-11,1,0
614,-15,-11,1,0
615,-16,-10,1,0
616,-16,-12,1,0
618,-16,-14,1,0
619,-16,-16,1,0
620,-15,-15,1,0
621,-14,-14,1,0
622,-14,-16,1,0
623,-12,-16,1,0
624,-10,-16,1,0
625,-8,-16,1,0
626,-8,-14,1,0
627,-9,-15,1,0
628,-11,-15,1,0
629,-13,-15,1,0
630,-12,-14,1,0
631,-10,-14,1,0
633,-4,-14,1,0
634,-4,-15,1,0
635,-4,-16,1,0
636,-3,-16,1,0
637,-2,-16,1,0
638,-2,-15,1,0
639,-2,-14,1,0
640,-2,-13,1,0
641,-3,-13,1,0
642,-1,-13,1,0
643,-1,-14,1,0
644,-1,-15,1,0
645,-1,-16,1,0
646,2,-16,1,0
647,2,-15,1,0
648,2,-14,1,0
649,2,-13,1,0
650,3,-13,1,0
651,3,-14,1,0
652,3,-15,1,0
653,3,-16,1,0
654,4,-16,1,0
655,5,-16,1,0
656,5,-15,1,0
657,5,-14,1,0
659,4,-13,1,0
1293,4,-13,6,
1294,4,-13,5,0
660,-5,-8,1,0
662,-6,-5,1,0
663,-6,-4,1,0
665,-1,-3,1,0
666,3,-5,1,0
667,3,-4,1,0
668,3,-7,1,0
669,3,-8,1,0
670,-2,-6,1,0
671,-2,-7,1,0
672,6,-6,1,0
673,6,-7,1,0
674,7,-4,1,0
677,11,5,1,0
679,14,5,1,0
680,9,-13,1,0
1298,9,-13,0,0
681,10,-13,1,0
1297,10,-13,0,0
682,11,-13,1,0
1296,11,-13,0,0
683,12,-13,1,0
1295,12,-13,0,0
684,13,-13,1,0
685,14,-13,1,0
686,15,-13,1,0
687,16,-13,1,0
688,17,-13,1,0
689,17,-14,1,0
690,17,-15,1,0
691,17,-16,1,0
692,16,-16,1,0
693,15,-16,1,0
694,14,-16,1,0
695,13,-16,1,0
696,12,-16,1,0
1304,12,-16,0,0
697,11,-16,1,0
1303,11,-16,0,0
698,10,-16,1,0
1302,10,-16,0,0
699,9,-16,1,0
1301,9,-16,0,0
700,9,-15,1,0
1300,9,-15,0,0
701,9,-14,1,0
1299,9,-14,0,0
702,10,-14,1,1
1305,10,-14,12,
703,11,-14,1,1
704,12,-14,1,1
705,13,-14,1,1
706,14,-14,1,1
707,15,-14,1,1
708,16,-14,1,1
709,16,-15,1,1
710,15,-15,1,1
711,14,-15,1,1
712,13,-15,1,1
713,12,-15,1,1
714,11,-15,1,1
715,10,-15,1,1
916,14,-1,1,1
917,14,-2,1,1
919,14,-4,1,1
920,14,-5,1,1
921,14,-6,1,1
923,14,-8,1,1
924,14,-9,1,1
925,14,-10,1,1
926,14,-11,1,1
927,15,-11,1,1
928,16,-1,1,1
929,16,-2,1,1
930,16,-3,1,1
931,16,-4,1,1
933,16,-6,1,1
934,16,-7,1,1
935,16,-8,1,1
937,16,-10,1,1
940,13,-11,1,1
941,13,-1,1,1
942,15,-1,1,1
943,17,-1,1,1
945,17,-3,1,1
946,17,-4,1,1
947,17,-5,1,1
948,17,-6,1,1
949,17,-7,1,1
951,17,-9,1,1
952,17,-10,1,1
953,15,-10,1,1
954,15,-9,1,1
955,15,-8,1,1
956,15,-7,1,1
957,15,-6,1,1
958,15,-5,1,1
959,15,-4,1,1
960,15,-3,1,1
961,15,-2,1,1
962,13,-2,1,1
964,13,-4,1,1
965,13,-5,1,1
967,13,-7,1,1
968,13,-8,1,1
970,13,-10,1,1
994,-9,-12,1,1
995,-9,-11,1,1
997,-9,-9,1,1
998,-9,-8,1,1
999,-9,-7,1,1
1000,-9,-6,1,1
1002,-9,-4,1,1
1003,-9,-3,1,1
1004,-9,-2,1,1
1006,-9,0,1,1
1007,-9,1,1,1
1008,-9,2,1,1
1009,-9,3,1,1
1010,-9,4,1,1
1011,-9,5,1,1
1012,-10,5,1,0
1013,-10,4,1,0
1014,-10,3,1,0
1015,-10,2,1,0
1016,-10,1,1,0
1017,-10,0,1,0
1018,-10,-1,1,0
1019,-10,-2,1,0
1020,-10,-3,1,0
1021,-10,-4,1,0
1022,-10,-5,1,0
1023,-10,-6,1,0
1024,-10,-7,1,0
1025,-10,-8,1,0
1026,-10,-9,1,0
1027,-10,-10,1,0
1028,-10,-11,1,0
1029,-10,-12,1,0
1030,-10,-13,1,0
1031,-8,-13,1,0
1032,-8,-12,1,0
1033,-8,-11,1,0
1034,-8,-10,1,0
1035,-8,-9,1,0
1036,-8,-8,1,0
1037,-8,-7,1,0
1038,-8,-6,1,0
1039,-8,-5,1,0
1040,-8,-4,1,0
1041,-8,-3,1,0
1042,-8,-2,1,0
1043,-8,-1,1,0
1044,-8,0,1,0
1045,-8,1,1,0
1046,-8,2,1,0
1047,-8,3,1,0
1048,-8,4,1,0
1049,-8,5,1,0
1050,-7,5,1,1
1051,-7,4,1,1
1052,-7,3,1,1
1053,-7,2,1,1
1054,-7,1,1,1
1055,-7,0,1,1
1056,-7,-1,1,1
1057,-7,-2,1,1
1058,-7,-10,1,1
1059,-7,-11,1,1
1074,-6,-13,1,0
1075,-6,-12,1,0
1076,-6,-11,1,0
1077,-6,-10,1,0
1080,-6,-2,1,0
1081,-6,-1,1,0
1082,-6,0,1,0
1083,-5,0,1,1
1084,-5,-1,1,1
1085,-5,-2,1,1
1105,-4,-10,1,0
1104,-4,-11,1,0
1097,-5,-11,1,1
1096,-5,-10,1,1
1098,-5,-12,1,1
1099,-5,-13,1,1
1100,-5,-14,1,1
1101,-5,-15,1,1
1102,-5,-16,1,1
1106,-4,-2,1,0
1107,-4,-1,1,0
1108,-4,0,1,0
1109,-2,0,1,0
1110,-2,-1,1,0
1112,-2,-9,1,0
1113,-2,-10,1,0
1114,-2,-11,1,0
1117,0,-11,1,0
1119,0,-9,1,0
1120,0,-1,1,0
1121,0,0,1,0
1123,2,-1,1,0
1124,2,-2,1,0
1125,2,-10,1,0
1126,2,-11,1,0
1127,4,-11,1,0
1128,4,-10,1,0
1129,4,-2,1,0
1130,4,-1,1,0
1131,4,0,1,0
1132,-3,0,1,1
1133,-3,-1,1,1
1134,-3,-9,1,1
1135,-3,-10,1,1
1136,-3,-11,1,1
1137,-1,-11,1,1
1138,-1,-10,1,1
1139,-1,-9,1,1
1141,-1,-1,1,1
1143,1,0,1,1
1145,1,-2,1,1
1146,1,-10,1,1
1147,1,-11,1,1
1148,3,-11,1,1
1149,3,-10,1,1
1152,3,-2,1,1
1153,3,-1,1,1
1154,3,0,1,1
1155,5,0,1,1
1156,5,-1,1,1
1157,5,-9,1,1
1158,5,-10,1,1
1159,5,-11,1,1
1160,7,-16,1,1
1161,7,-15,1,1
1162,7,-14,1,1
1163,7,-13,1,1
1292,7,-13,6,1293
1164,7,-12,1,1
1165,7,-11,1,1
1166,7,-10,1,1
1167,7,-9,1,1
1169,7,-1,1,1
1170,7,0,1,1
1171,6,0,1,0
1172,6,-1,1,0
1174,6,-9,1,0
1175,6,-10,1,0
1176,6,-11,1,0
1177,6,-12,1,0
1178,6,-13,1,0
1179,6,-14,1,0
1180,6,-15,1,0
1181,6,-16,1,0
1182,8,-11,1,0
1183,8,-10,1,0
1184,8,-9,1,0
1185,8,-1,1,0
1186,8,0,1,0
1187,8,1,1,0
1188,8,2,1,0
1189,8,3,1,0
1190,8,4,1,0
1191,8,5,1,0
1192,9,8,1,1
1193,9,7,1,1
1194,9,6,1,1
1195,9,5,1,1
1196,9,4,1,1
1197,9,3,1,1
1198,9,2,1,1
1199,9,1,1,1
1201,9,-1,1,1
1278,9,-1,6,1279
1288,9,-1,5,0
1202,9,-2,1,1
1203,9,-3,1,1
1204,9,-4,1,1
1205,9,-5,1,1
1206,9,-6,1,1
1207,9,-7,1,1
1208,9,-8,1,1
1209,9,-9,1,1
1279,9,-9,6,
1274,9,-10,1,1
1275,9,-10,6,1276
1289,9,-10,5,0
1211,9,-11,1,1
1212,10,-11,1,0
1214,10,-9,1,0
1215,10,-8,1,0
1216,10,-7,1,0
1218,10,-5,1,0
1219,10,-4,1,0
1220,10,-3,1,0
1221,10,-2,1,0
1224,10,1,1,0
1225,10,2,1,0
1226,10,3,1,0
1227,10,8,1,0
1228,11,8,1,1
1229,11,7,1,1
1230,11,3,1,1
1231,11,2,1,1
1232,11,1,1,1
1233,12,2,1,0
1234,13,3,1,0
1235,14,2,1,0
1236,13,1,1,0
1237,15,3,1,0
1238,16,2,1,0
1239,15,1,1,0
1240,17,3,1,0
1241,17,1,1,0
1242,17,5,1,0
1243,17,7,1,0
1244,12,8,1,0
1245,14,8,1,0
1246,16,8,1,0
1247,13,8,1,1
1248,15,8,1,1
1249,17,8,1,1
1250,17,6,1,1
1251,17,4,1,1
1252,17,2,1,1
1253,16,1,1,1
1254,14,1,1,1
1255,12,1,1,1
1256,12,3,1,1
1257,14,3,1,1
1258,16,3,1,1
1259,15,2,1,1
1260,13,2,1,1
1261,14,4,1,1
1263,-15,-9,1,1
1306,-17,-18,0,0
1307,-16,-18,0,0
1308,-15,-18,0,0
1309,-14,-18,0,0
1310,-13,-18,0,0
1311,-12,-18,0,0
1312,-11,-18,0,0
1313,-10,-18,0,0
1314,-9,-18,0,0
1315,-8,-18,0,0
1316,-7,-18,0,0
1317,-6,-18,0,0
1318,-5,-18,0,0
1319,-4,-18,0,0
1320,-3,-18,0,0
1321,-2,-18,0,0
1322,-1,-18,0,0
1323,0,-18,0,0
1324,2,-18,0,0
1325,3,-18,0,0
1326,4,-18,0,0
1327,5,-18,0,0
1328,6,-18,0,0
1330,1,-18,0,0
1331,7,-18,0,0
1332,8,-18,0,0
1333,9,-18,0,0
1334,10,-18,0,0
1335,11,-18,0,0
1336,12,-18,0,0
1337,13,-18,0,0
1338,14,-18,0,0
1339,15,-18,0,0
1340,16,-18,0,0
1341,17,-18,0,0
1342,18,-18,0,0
1343,19,-18,0,0
1344,19,-17,0,0
1345,19,-16,0,0
1346,19,-15,0,0
1347,19,-14,0,0
1348,19,-13,0,0
1349,19,-12,0,0
1350,19,-9,0,0
1351,19,-10,0,0
1352,19,-11,0,0
1353,19,-8,0,0
1354,19,-7,0,0
1355,19,-6,0,0
1356,19,-5,0,0
1357,19,-4,0,0
1358,19,-3,0,0
1359,19,-2,0,0
1360,19,-1,0,0
1361,19,0,0,0
1362,19,1,0,0
1363,19,2,0,0
1364,19,3,0,0
1365,19,4,0,0
1366,19,5,0,0
1367,19,6,0,0
1368,19,7,0,0
1369,19,8,0,0
1370,19,9,0,0
1371,19,10,0,0
1372,18,10,0,0
1373,17,10,0,0
1374,16,10,0,0
1375,15,10,0,0
1376,14,10,0,0
1377,13,10,0,0
1378,12,10,0,0
1379,11,10,0,0
1380,10,10,0,0
1381,9,10,0,0
1382,8,10,0,0
1383,7,10,0,0
1384,7,9,0,0
1385,7,8,0,0
1386,7,7,0,0
1387,6,7,0,0
1388,5,7,0,0
1389,4,7,0,0
1390,3,7,0,0
1391,2,7,0,0
1392,1,7,0,0
1393,0,7,0,0
1394,-1,7,0,0
1395,-2,7,0,0
1396,-3,7,0,0
1397,-4,7,0,0
1398,-5,7,0,0
1399,-6,7,0,0
1400,-6,8,0,0
1401,-6,9,0,0
1402,-6,10,0,0
1403,-7,10,0,0
1404,-8,10,0,0
1405,-9,10,0,0
1406,-10,10,0,0
1407,-11,10,0,0
1408,-12,10,0,0
1409,-13,10,0,0
1410,-14,10,0,0
1411,-15,10,0,0
1412,-16,10,0,0
1413,-17,10,0,0
1414,-18,10,0,0
1415,-18,9,0,0
1416,-18,8,0,0
1417,-18,7,0,0
1418,-18,6,0,0
1419,-18,5,0,0
1420,-18,4,0,0
1421,-18,3,0,0
1422,-18,2,0,0
1423,-18,1,0,0
1424,-18,0,0,0
1425,-18,-1,0,0
1426,-18,-2,0,0
1427,-18,-3,0,0
1428,-18,-4,0,0
1429,-18,-5,0,0
1430,-18,-6,0,0
1431,-18,-7,0,0
1432,-18,-8,0,0
1433,-18,-9,0,0
1434,-18,-10,0,0
1435,-18,-11,0,0
1436,-18,-12,0,0
1437,-18,-13,0,0
1438,-18,-14,0,0
1439,-18,-15,0,0
1440,-18,-16,0,0
1441,-18,-17,0,0
1442,-18,-18,0,0
nonGrid:
